0 0.44432692307692306 0.8442307692307692 0.1414903846153846 0.1358653846153846
0 0.819326923076923 0.2773557692307692 0.3469230769230769 0.3112740384615385
0 0.6875 0.8559615384615384 0.09185096153846153 0.09502403846153847
0 0.16478365384615384 0.45800480769230767 0.30956730769230767 0.3171394230769231
0 0.5507932692307692 0.7734375 0.027379807692307693 0.05137019230769231
0 0.8735336538461538 0.8862259615384616 0.046802884615384614 0.04723557692307692
0 0.8159134615384616 0.7841826923076923 0.0390625 0.06076923076923077
0 0.6362259615384616 0.8300721153846153 0.01798076923076923 0.0315625
0 0.3925721153846154 0.8671875 0.027596153846153847 0.043028846153846154
0 0.4140625 0.8159134615384616 0.05490384615384615 0.05920673076923077
0 0.5722596153846153 0.8237259615384616 0.03137019230769231 0.08759615384615384
0 0.94125 0.6206009615384616 0.11750000000000001 0.15026442307692306
0 0.939951923076923 0.5766586538461538 0.07824519230769231 0.04492788461538462
0 0.663076923076923 0.8627884615384616 0.026754807692307696 0.050721153846153846
0 0.6074278846153847 0.833485576923077 0.03838942307692308 0.09502403846153847