0 0.16259615384615383 0.3515625 0.3025 0.6606490384615384
0 0.4450721153846154 0.7104567307692308 0.06144230769230769 0.10930288461538461
0 0.11088942307692308 0.6792067307692308 0.2218028846153846 0.5512740384615384
0 0.6982451923076923 0.546875 0.28466346153846156 0.4662980769230769
0 0.1699278846153846 0.2078846153846154 0.17896634615384616 0.21764423076923078
0 0.6840865384615384 0.23180288461538462 0.09026442307692308 0.18896634615384617
0 0.8359375 0.05872596153846154 0.07665865384615385 0.11742788461538461
0 0.5180769230769231 0.1876201923076923 0.2110576923076923 0.3210336538461539
0 0.03348557692307692 0.3317788461538462 0.06699519230769231 0.021658653846153845
0 0.05283653846153846 0.13257211538461539 0.05966346153846154 0.048677884615384616
0 0.6025480769230769 0.4040625 0.10302884615384615 0.3171394230769231
0 0.038125 0.23865384615384616 0.07622596153846153 0.022115384615384613