0 0.5751923076923077 0.5732451923076923 0.04350961538461539 0.11103365384615384
0 0.5102644230769231 0.28858173076923077 0.12274038461538463 0.18103365384615386
0 0.65625 0.3937980769230769 0.0575 0.10358173076923077
0 0.6376923076923077 0.5419951923076923 0.04177884615384615 0.07487980769230769
0 0.6035096153846153 0.5883894230769231 0.07019230769230769 0.1259855769230769
0 0.6420913461538462 0.3737740384615385 0.023028846153846153 0.022572115384615385
0 0.4804807692307692 0.2922355769230769 0.02423076923076923 0.06427884615384614
0 0.3073798076923077 0.7470673076923077 0.10338942307692307 0.10838942307692309
0 0.2658653846153846 0.8237259615384616 0.1661298076923077 0.24254807692307695
0 0.4455528846153846 0.3073798076923077 0.0526923076923077 0.08495192307692309
0 0.6206009615384616 0.4921875 0.01560096153846154 0.01358173076923077
0 0.5014663461538462 0.421875 0.0171875 0.0190625