0 0.6831009615384616 0.805673076923077 0.06475961538461539 0.328125
0 0.5698317307692308 0.5400480769230769 0.09319711538461539 0.28858173076923077
0 0.5010096153846153 0.15942307692307692 0.4934134615384615 0.2935336538461538
0 0.28612980769230767 0.09105769230769231 0.10612980769230769 0.0648798076923077
0 0.3942788461538462 0.06673076923076923 0.3268990384615385 0.13348557692307692
0 0.39355769230769233 0.2731971153846154 0.057283653846153845 0.1766346153846154
0 0.5581009615384616 0.4231009615384615 0.06560096153846154 0.14490384615384616
0 0.26807692307692305 0.08415865384615384 0.05987980769230769 0.033269230769230766
0 0.2697836538461539 0.030408653846153846 0.08569711538461539 0.06081730769230769
0 0.25293269230769233 0.0605048076923077 0.035673076923076925 0.021033653846153848
0 0.6838221153846155 0.5459375000000001 0.034158653846153846 0.11512019230769231
0 0.655264423076923 0.6010817307692308 0.07598557692307692 0.1904326923076923
0 0.4997596153846154 0.031153846153846157 0.07824519230769231 0.062307692307692314