0 0.3076923076923077 0.3293269230769231 0.3076923076923077 0.3629807692307692 0.34375 0.42788461538461536 0.38461538461538464 0.4495192307692308 0.3870192307692308 0.41346153846153844 0.35336538461538464 0.37740384615384615 0.3269230769230769 0.3293269230769231
0 0.3918269230769231 0.7524038461538461 0.3894230769230769 0.7884615384615384 0.39663461538461536 0.7980769230769231 0.47836538461538464 0.8509615384615384 0.5096153846153846 0.84375 0.5288461538461539 0.7884615384615384 0.4951923076923077 0.7427884615384616 0.4014423076923077 0.7331730769230769
0 0.3942307692307692 0.7548076923076923 0.3942307692307692 0.7908653846153846 0.43509615384615385 0.8125 0.4567307692307692 0.8052884615384616 0.4567307692307692 0.7548076923076923 0.40384615384615385 0.7331730769230769
0 0.16346153846153846 0.4230769230769231 0.16346153846153846 0.4495192307692308 0.1466346153846154 0.4639423076923077 0.18509615384615385 0.5192307692307693 0.17548076923076922 0.46634615384615385 0.21394230769230768 0.40625 0.21394230769230768 0.3894230769230769 0.1971153846153846 0.3798076923076923 0.19951923076923078 0.37259615384615385 0.18509615384615385 0.38221153846153844
0 0.16346153846153846 0.5576923076923077 0.15865384615384615 0.5841346153846154 0.18509615384615385 0.5625 0.20673076923076922 0.5264423076923077 0.1875 0.5288461538461539
0 0.16346153846153846 0.42788461538461536 0.15865384615384615 0.47115384615384615 0.1778846153846154 0.46634615384615385 0.2091346153846154 0.4206730769230769 0.21394230769230768 0.3870192307692308 0.20432692307692307 0.37259615384615385 0.1875 0.3798076923076923
0 0.6826923076923077 0.7644230769230769 0.6658653846153846 0.78125 0.6658653846153846 0.8100961538461539 0.6754807692307693 0.8149038461538461 0.6802884615384616 0.8389423076923077 0.6971153846153846 0.7956730769230769 0.6947115384615384 0.7740384615384616
0 0.004807692307692308 0.5360576923076923 0 0.5697115384615384 0.09134615384615384 0.6634615384615384 0.1201923076923077 0.7115384615384616 0.13942307692307693 0.7740384615384616 0.1466346153846154 0.7740384615384616 0.15144230769230768 0.7596153846153846 0.16346153846153846 0.7572115384615384 0.15625 0.7211538461538461 0.07932692307692307 0.6057692307692307
0 0.5649038461538461 0.6490384615384616 0.5528846153846154 0.6682692307692307 0.6057692307692307 0.7572115384615384 0.5793269230769231 0.7884615384615384 0.5673076923076923 0.8197115384615384 0.5673076923076923 0.8774038461538461 0.5793269230769231 0.9038461538461539 0.5985576923076923 0.9158653846153846 0.6274038461538461 0.875 0.6418269230769231 0.8822115384615384 0.65625 0.875 0.6394230769230769 0.8004807692307693 0.5769230769230769 0.6730769230769231 0.5793269230769231 0.6466346153846154
0 0.16346153846153846 0.42788461538461536 0.15865384615384615 0.47115384615384615 0.1778846153846154 0.46634615384615385 0.2091346153846154 0.4206730769230769 0.21394230769230768 0.3870192307692308 0.20673076923076922 0.375 0.1875 0.3798076923076923
0 0.026442307692307692 0.8125 0.026442307692307692 0.8365384615384616 0.038461538461538464 0.8389423076923077 0.04567307692307692 0.8100961538461539
0 0.002403846153846154 0.38221153846153844 0 0.39663461538461536 0.019230769230769232 0.3870192307692308 0.09615384615384616 0.3918269230769231 0.04567307692307692 0.375