0 0.6499038461538462 0.59375 0.07781249999999999 0.2401201923076923
0 0.7690384615384616 0.5410096153846153 0.07225961538461538 0.3491105769230769
0 0.6557692307692308 0.5141586538461538 0.027908653846153843 0.07502403846153846
0 0.5502884615384616 0.677235576923077 0.030264423076923078 0.05358173076923077
0 0.4868269230769231 0.736826923076923 0.30127403846153844 0.5229567307692308
0 0.6923798076923077 0.4650961538461538 0.06269230769230769 0.17444711538461538
0 0.5912980769230769 0.53125 0.022403846153846156 0.04995192307692308
0 0.40331730769230767 0.3244711538461538 0.06076923076923077 0.10930288461538461
0 0.6723557692307692 0.4399519230769231 0.011634615384615384 0.02283653846153846
0 0.696298076923077 0.26634615384615384 0.02692307692307692 0.09533653846153846
0 0.7373076923076923 0.23461538461538461 0.020336538461538465 0.2294951923076923
0 0.7246153846153847 0.6435576923076923 0.03737980769230769 0.119375
0 0.5483413461538462 0.38329326923076923 0.025 0.19408653846153845
0 0.7451201923076923 0.932139423076923 0.07836538461538461 0.09966346153846153
0 0.6118269230769231 0.38134615384615383 0.039134615384615386 0.12745192307692307
0 0.7607451923076923 0.08209134615384615 0.056033653846153844 0.1269471153846154
0 0.7636778846153847 0.3317788461538462 0.05399038461538462 0.08819711538461537
0 0.5766586538461538 0.10504807692307692 0.02192307692307692 0.18504807692307693
0 0.9799759615384616 0.07793269230769231 0.036153846153846154 0.09656250000000001
0 0.869639423076923 0.055288461538461536 0.0941826923076923 0.11048076923076923