2 0.708765625 0.5146574074074074 0.5772552083333333 0.9706759259259259
2 0.4938958333333333 0.5026018518518518 0.2160625 0.9765648148148148
0 0.17881770833333333 0.17206481481481484 0.08680729166666666 0.18981481481481483
0 0.1145625 0.45225925925925925 0.07794270833333333 0.16243518518518518
0 0.3620625 0.45269444444444445 0.041078125 0.09082407407407407
0 0.18798958333333332 0.7864629629629629 0.03726041666666667 0.07177777777777777
0 0.15918229166666667 0.10411111111111111 0.036348958333333334 0.07551851851851853
0 0.20886458333333333 0.8415833333333333 0.180421875 0.2675740740740741
0 0.2912604166666667 0.5920185185185185 0.018479166666666665 0.04000925925925926
0 0.341796875 0.2656296296296296 0.04830729166666667 0.09619444444444444
0 0.3537604166666667 0.2408888888888889 0.017854166666666667 0.026694444444444444
0 0.065125 0.04475925925925926 0.031140624999999998 0.05739814814814815
0 0.14611979166666667 0.8758703703703704 0.015015625 0.02949074074074074
0 0.2658697916666667 0.7947037037037037 0.012427083333333333 0.02209259259259259
0 0.168703125 0.7252592592592593 0.012526041666666666 0.018935185185185183
0 0.049588541666666666 0.8450555555555556 0.022677083333333334 0.03518518518518519
0 0.27075 0.16135185185185183 0.01009375 0.020944444444444446
0 0.10595833333333333 0.5724814814814815 0.049041666666666664 0.09852777777777777
0 0.13269270833333333 0.973962962962963 0.017989583333333333 0.022796296296296297
0 0.062223958333333336 0.9869814814814816 0.028703125 0.02451851851851852
0 0.09601041666666667 0.3721759259259259 0.011734375 0.02297222222222222
0 0.07055729166666666 0.16362962962962962 0.009635416666666667 0.017453703703703704