0 0.6186538461538462 0.6621153846153847 0.09399038461538461 0.20435096153846155
0 0.5507932692307692 0.8745192307692308 0.15379807692307693 0.25048076923076923
0 0.7919951923076923 0.7461057692307692 0.061105769230769234 0.1044951923076923
0 0.35254807692307694 0.7861298076923077 0.10144230769230769 0.1815144230769231
0 0.7895432692307692 0.09235576923076924 0.11028846153846154 0.18187499999999998
0 0.7202163461538462 0.7563461538461538 0.029375000000000002 0.09514423076923076
0 0.6918990384615384 0.6064423076923077 0.025865384615384616 0.09997596153846154
0 0.5048798076923077 0.672860576923077 0.04264423076923077 0.06524038461538462
0 0.6211057692307692 0.6113221153846153 0.05014423076923077 0.08600961538461539
0 0.7407211538461538 0.4399519230769231 0.050721153846153846 0.05778846153846154
0 0.747548076923077 0.1922596153846154 0.09235576923076924 0.11314903846153847
0 0.763173076923077 0.06322115384615384 0.014278846153846154 0.019615384615384614
0 0.5078125 0.7280288461538462 0.09076923076923077 0.1766346153846154
0 0.78125 0.1167548076923077 0.010745192307692306 0.025216346153846155
0 0.5820432692307692 0.13499999999999998 0.14807692307692308 0.2624519230769231
0 0.758798076923077 0.6411057692307692 0.06951923076923078 0.09466346153846154
0 0.6220673076923077 0.06865384615384615 0.08312499999999999 0.13391826923076924
0 0.5590865384615384 0.33641826923076923 0.02579326923076923 0.04326923076923077
0 0.7226682692307692 0.9702163461538462 0.03283653846153846 0.04903846153846154
0 0.4426201923076923 0.4001442307692308 0.0378125 0.25829326923076923
0 0.8652403846153847 0.2731971153846154 0.05581730769230769 0.15235576923076924
0 0.5048798076923077 0.19947115384615385 0.015192307692307692 0.012524038461538461
0 0.4279807692307692 0.5126923076923077 0.020889423076923076 0.06805288461538461