0 0.2985817307692308 0.4099278846153846 0.1493028846153846 0.3744951923076923
0 0.75 0.5449278846153847 0.05331730769230769 0.27415865384615384
0 0.5600480769230769 0.743173076923077 0.06829326923076923 0.4965865384615385
0 0.5283173076923077 0.5766586538461538 0.06634615384615385 0.20471153846153844
0 0.8120192307692308 0.8364182692307692 0.0648798076923077 0.2546394230769231
0 0.770985576923077 0.8598557692307692 0.05370192307692308 0.14197115384615386
0 0.3698798076923077 0.22485576923076925 0.10798076923076924 0.18920673076923075
0 0.5463942307692308 0.3786538461538462 0.22338942307692308 0.06670673076923077
0 0.7441346153846153 0.830576923076923 0.03581730769230769 0.19372596153846156
0 0.23314903846153845 0.6953125 0.053197115384615384 0.11028846153846154
0 0.33021634615384615 0.6705528846153845 0.11639423076923078 0.13915865384615383
0 0.20752403846153847 0.8535096153846153 0.05165865384615384 0.10706730769230768