0 0.18152083333333333 0.15266666666666667 0.09204166666666666 0.16503703703703704
2 0.7509791666666668 0.4973981481481482 0.4848645833333334 0.9817685185185184
0 0.116578125 0.4613703703703703 0.07610937499999999 0.18738888888888888
0 0.3627916666666666 0.4552962962962963 0.04257291666666666 0.08946296296296297
0 0.06476041666666667 0.059842592592592586 0.025041666666666667 0.07796296296296297
0 0.18896354166666668 0.7838518518518518 0.036619791666666665 0.06722222222222221
0 0.16516145833333334 0.1086111111111111 0.032713541666666665 0.0702037037037037
0 0.2941875 0.5902777777777778 0.020171875 0.03705555555555556
0 0.2868645833333333 0.9227407407407406 0.03359895833333334 0.047657407407407405
0 0.354734375 0.2456574074074074 0.019119791666666667 0.024805555555555556
0 0.268796875 0.7921018518518519 0.013067708333333334 0.02086111111111111
0 0.05233854166666666 0.8454907407407407 0.023026041666666667 0.037703703703703705
0 0.14794791666666668 0.8728333333333333 0.014505208333333333 0.02762962962962963
0 0.271484375 0.16503703703703704 0.012239583333333333 0.018787037037037036
0 0.1696770833333333 0.7256944444444444 0.011963541666666666 0.017453703703703704
0 0.07183854166666667 0.1701388888888889 0.012770833333333334 0.020453703703703703
0 0.276125 0.917537037037037 0.013848958333333333 0.03477777777777778
0 0.345703125 0.29318518518518516 0.0081875 0.017194444444444446
0 0.065859375 0.9852407407407406 0.030151041666666666 0.027944444444444445