0 0.19433854166666667 0.2990462962962963 0.09790104166666666 0.1014537037037037
2 0.7109375 0.4978333333333333 0.5693385416666668 0.9904537037037038
0 0.1328125 0.5447037037037037 0.07043229166666666 0.13031481481481483
0 0.3510729166666666 0.4947962962962963 0.03561458333333333 0.07248148148148148
0 0.1794427083333333 0.78125 0.032656250000000005 0.07373148148148148
0 0.21435416666666668 0.8615462962962963 0.151734375 0.2558611111111111
0 0.07464583333333333 0.21484259259259259 0.021239583333333333 0.07248148148148148
0 0.3041979166666666 0.537324074074074 0.018020833333333333 0.03643518518518519
2 0.46875 0.5004351851851853 0.23095833333333332 0.993925925925926
0 0.0703125 0.19433333333333333 0.012624999999999999 0.03252777777777778
0 0.12793229166666667 0.8858518518518519 0.015302083333333332 0.021268518518518516
0 0.26953125 0.6657962962962962 0.010453125 0.01800925925925926
0 0.2058125 0.24935185185185185 0.011734375 0.015314814814814814
2 0.6557604166666666 0.3281296296296296 0.053802083333333334 0.1774074074074074
0 0.3364270833333334 0.2604166666666667 0.010651041666666666 0.01999074074074074
2 0.7641614583333334 0.3389722222222222 0.2995625 0.2649722222222222
0 0.330078125 0.2955740740740741 0.008546875 0.016342592592592593
0 0.28027604166666664 0.27451851851851855 0.01009375 0.01561111111111111
2 0.6420885416666666 0.43034259259259255 0.10320833333333333 0.3294259259259259