0 0.09912074148296593 0.5013101604278075 0.19592184368737475 0.3174331550802139
0 0.9809569138276553 0.44919451871657756 0.037049098196392787 0.08640374331550801
0 0.7607414829659319 0.45440508021390374 0.0731813627254509 0.13200534759358287
0 0.044952404809619234 0.5667847593582888 0.08990480961923847 0.2117312834224599
0 0.5976553106212426 0.3700401069518717 0.03860470941883768 0.0909625668449198
0 0.9169914829659319 0.4860026737967914 0.1556387775551102 0.18941844919786097
0 0.6508792585170341 0.4856751336898396 0.07287575150300601 0.08900735294117647
0 0.40112224448897793 0.40196189839572194 0.14440881763527055 0.16319518716577538
0 0.5488276553106213 0.26678141711229947 0.032898296593186376 0.04531751336898396
0 0.8779308617234468 0.41955213903743316 0.03628507014028056 0.03184157754010695
1 0.5106462925851704 0.8646524064171123 0.9787074148296593 0.258048128342246