1 0.8408191382765532 0.15578542780748664 0.11859218436873747 0.13086564171122994
1 0.8540030060120241 0.29919117647058824 0.12805110220440882 0.14405748663101603
1 0.9829108216432866 0.8781918449197862 0.03277555110220441 0.10977272727272727
1 0.7373046092184369 0.05627005347593583 0.07488977955911823 0.08575200534759359
1 0.736816132264529 0.19153409090909093 0.07196142284569138 0.12321189839572191
1 0.4528807615230461 0.577533422459893 0.05004759519038076 0.06816176470588235
1 0.5585946893787574 0.46808489304812834 0.05899048096192385 0.07585561497326203
1 0.7910145290581162 0.9746089572192514 0.0903932865731463 0.047149064171122995
1 0.5854483967935872 0.6742780748663102 0.0455310621242485 0.05219919786096257
1 0.8852530060120241 0.2579846256684492 0.0713502004008016 0.0665307486631016
1 0.23632765531062122 0.8899164438502675 0.1260996993987976 0.14584893048128342
1 0.45678607214428857 0.19853609625668447 0.12463426853707416 0.12793449197860962
1 0.38183617234468936 0.6381216577540106 0.049225951903807616 0.06738636363636363
1 0.919433867735471 0.7661363636363637 0.06982464929859719 0.08949532085561497
1 0.11779809619238477 0.8404044117647058 0.16809118236472945 0.3118950534759358
1 0.42138777555110224 0.606524064171123 0.13427855711422845 0.13135360962566844
1 0.24023547094188377 0.2969117647058824 0.05932615230460922 0.07434826203208555
1 0.9838877755511022 0.252610294117647 0.031082164328657316 0.04283422459893048
1 0.5834969939879759 0.7381216577540107 0.045683867735470944 0.04016711229946524
1 0.05349699398797595 0.5400735294117648 0.037201903807615226 0.07434826203208555
1 0.07122745490981963 0.7446390374331551 0.06549098196392786 0.12321189839572191
1 0.018569639278557114 0.37850935828877 0.03713927855711423 0.07190842245989305
1 0.40405310621242485 0.5876336898395722 0.03698647294589179 0.04531751336898396
1 0.879882264529058 0.12019719251336898 0.04931613226452906 0.0660427807486631
1 0.8032214428857716 0.17508355614973262 0.046813627254509015 0.07260026737967915
1 0.3356938877755511 0.5749298128342246 0.026808617234468937 0.045848930481283426