1 0.7349699398797596 0.2876370320855615 0.1748496993987976 0.18022393048128343
1 0.7490230460921844 0.4485427807486631 0.11816382765531061 0.13746323529411766
1 0.13391032064128258 0.5618983957219251 0.15307615230460922 0.1448729946524064
1 0.9121092184368738 0.2980514705882353 0.0534068136272545 0.15659759358288772
1 0.4892585170340681 0.25130681818181816 0.06744488977955912 0.09747660427807486
1 0.4199223446893787 0.45440508021390374 0.057587675350701396 0.08550467914438503
1 0.3659669338677355 0.6058723262032085 0.07006763527054108 0.11335561497326203
1 0.73437625250501 0.2462566844919786 0.04653807615230461 0.07504344919786096
1 0.2727054108216433 0.2514705882352941 0.062439879759519035 0.09063836898395722
1 0.5922845691382765 0.38958221925133696 0.04959168336673347 0.07019719251336898
1 0.2905285571142284 0.06689839572192513 0.07543837675350701 0.10301470588235295
1 0.28808617234468936 0.7224866310160427 0.06994739478957916 0.07084893048128342
1 0.6806638276553106 0.3053810160427808 0.037201903807615226 0.08001002673796791
1 0.2548822645290581 0.269221256684492 0.033845190380761524 0.04971590909090909
1 0.9140631262525051 0.2495153743315508 0.032349699398797595 0.06641042780748663
1 0.5585946893787574 0.5762299465240641 0.06335420841683366 0.05940508021390375
1 0.2856437875751503 0.2223161764705882 0.029418837675350702 0.042018716577540104
1 0.5244138276553106 0.22801804812834225 0.02964679358717435 0.042510026737967915
1 0.19091683366733467 0.7518048128342246 0.03515531062124248 0.04438168449197861
1 0.24865731462925852 0.8794953208556149 0.033324148296593185 0.04979612299465241