1 0.18151803607214428 0.45831550802139037 0.35327154308617237 0.4504946524064172
1 0.8198246492985971 0.11270387700534759 0.23718186372745492 0.2234558823529412
1 0.38012775551102207 0.3348596256684492 0.39648547094188374 0.6599465240641711
1 0.6845691382765532 0.17769050802139036 0.09948647294589177 0.18632352941176472
1 0.7856437875751503 0.40521724598930486 0.19531312625250502 0.32801804812834223
1 0.25561623246492987 0.17931818181818182 0.17358466933867736 0.3156417112299465
1 0.06536823647294589 0.53649064171123 0.12512274549098196 0.20456216577540107
1 0.5458992985971944 0.9022961229946524 0.2203356713426854 0.19300133689839574
1 0.033324148296593185 0.9114171122994652 0.06371993987975952 0.17198863636363637
1 0.7622069138276553 0.048248663101604285 0.08007765531062125 0.0947894385026738
1 0.20812875751503007 0.14185828877005346 0.07922344689378757 0.07487967914438502
1 0.15014529058116233 0.3413736631016043 0.07263276553106213 0.20049131016042782
1 0.6352530060120241 0.04780080213903744 0.08880511022044088 0.09397393048128343