1 0.5258792585170341 0.44235294117647056 0.1573496993987976 0.23843917112299465
1 0.263183867735471 0.3749264705882353 0.19494739478957918 0.3034258021390374
1 0.9184569138276553 0.1343683155080214 0.10931362725450902 0.16205548128342245
1 0.7919914829659319 0.457336229946524 0.10894789579158318 0.11767379679144384
1 0.9614253507014029 0.44723930481283425 0.0720816633266533 0.10855280748663103
1 0.18713426853707413 0.06518716577540107 0.05602955911823647 0.10154745989304813
1 0.101563126252505 0.10285093582887701 0.07251002004008016 0.0684057486631016
1 0.2690430861723447 0.1438135026737968 0.0750125250501002 0.09259024064171122
1 0.7075200400801603 0.18892713903743316 0.06408567134268538 0.1113201871657754
1 0.03251753507014028 0.4169451871657754 0.06503256513026053 0.13843917112299464
1 0.7666007014028056 0.31775735294117646 0.059874749498998 0.0947894385026738
1 0.3784168336673347 0.2718282085561497 0.05697645290581162 0.11938168449197861
1 0.42773547094188374 0.24886363636363637 0.1231688376753507 0.22052473262032082
1 0.17565881763527055 0.7934993315508022 0.07965180360721444 0.16922125668449198
1 0.1868887775551102 0.25716911764705885 0.05014028056112224 0.1466644385026738
1 0.7685546092184369 0.8404044117647058 0.051087174348697396 0.0700735294117647
1 0.48754759519038077 0.7804679144385026 0.05560370741482966 0.06665441176470588
1 0.9550776553106213 0.2858355614973262 0.07287575150300601 0.10993649732620321
1 0.96875 0.8156483957219252 0.05770791583166333 0.10342245989304813
1 0.5668937875751503 0.05297459893048128 0.0731813627254509 0.10179478609625668
1 0.06671092184368738 0.3390942513368984 0.10125751503006013 0.10602941176470589
1 0.4675300601202405 0.17980614973262032 0.04122995991983968 0.08656417112299465
1 0.9707039078156313 0.6208589572192513 0.028594689378757518 0.05309491978609626
1 0.8891608216432866 0.3703643048128343 0.08404559118236472 0.0709692513368984
1 0.6606437875751503 0.02282085561497326 0.01847945891783567 0.04531751336898396
1 0.911132264529058 0.47557820855614974 0.046387775551102205 0.04743649732620321
1 0.6733391783567134 0.44235294117647056 0.09106462925851702 0.16515040106951873
1 0.9609368737474949 0.7961062834224598 0.03056362725450902 0.044665775401069516
1 0.0461122244488978 0.32036430481283423 0.03338677354709419 0.05740975935828877