1 0.2783191382765531 0.577533422459893 0.10949649298597194 0.2169418449197861
1 0.20837424849699399 0.07150066844919786 0.10449148296593186 0.10627339572192514
1 0.38085921843687376 0.8286798128342245 0.09484969939879759 0.17655080213903743
1 0.9155285571142284 0.5869819518716578 0.16394038076152306 0.23843917112299465
1 0.6733391783567134 0.5250902406417112 0.07965180360721444 0.10358622994652407
1 0.9726553106212426 0.79024064171123 0.05441382765531062 0.19788770053475938
1 0.5034168336673347 0.8482219251336899 0.10613977955911823 0.1481283422459893
1 0.39648547094188374 0.5449598930481283 0.0930185370741483 0.18388034759358288
1 0.6142585170340681 0.5456116310160428 0.07586673346693387 0.1269552139037433
1 0.7099599198396793 0.829331550802139 0.06051603206412826 0.09128676470588235
1 0.76562625250501 0.5462633689839572 0.10687374749498997 0.20456216577540107
1 0.043456913827655305 0.4521256684491979 0.07354709418837677 0.09536096256684491
1 0.22888276553106213 0.7726504010695187 0.1466057114228457 0.1579846256684492
1 0.6635746492985971 0.683399064171123 0.04672344689378758 0.09031082887700534
1 0.7026377755511022 0.12435160427807487 0.04913326653306613 0.0724364973262032
1 0.4208992985971944 0.12809826203208555 0.0999749498997996 0.11156417112299466
1 0.05300851703406814 0.04670120320855615 0.10174599198396794 0.08786764705882352
1 0.41284068136272545 0.48111631016042783 0.07904058116232464 0.08241310160427807
1 0.8598622244488978 0.9622326203208557 0.07849198396793587 0.07202874331550801
1 0.9769514028056112 0.2576604278074866 0.04609719438877756 0.07166109625668449
1 0.12304609218436874 0.5133622994652407 0.057800601202404815 0.07544786096256685
1 0.13476452905811623 0.1466644385026738 0.04663076152304609 0.042510026737967915
1 0.18530310621242485 0.5632018716577539 0.053802605210420844 0.08623997326203207
1 0.07806362725450902 0.8065274064171123 0.06768787575150301 0.05838903743315508
1 0.7602530060120241 0.46482954545454547 0.046202404809619235 0.05700534759358289
1 0.016402805611222447 0.05093582887700535 0.032715430861723446 0.08224933155080213
1 0.5170891783567134 0.48404745989304815 0.04699649298597195 0.04886029411764706
1 0.5219714428857716 0.6016377005347593 0.05801352705410822 0.07394385026737968
1 0.05572394789579158 0.37525066844919786 0.045776553106212425 0.06543114973262032
1 0.18347194388777555 0.4329077540106952 0.039428857715430865 0.051223262032085555
1 0.45825150300601203 0.3169418449197861 0.02696142284569138 0.05378676470588235
1 0.18029809619238477 0.7785160427807487 0.05419839679358718 0.11229946524064172