0 0.10894789579158318 0.38437165775401066 0.07836923847695391 0.18632352941176472
0 0.3544914829659319 0.3700401069518717 0.0900876753507014 0.12239639037433155
0 0.1929934869739479 0.3065207219251337 0.08660821643286573 0.16010026737967914
0 0.9707039078156313 0.4531016042780749 0.055115230460921844 0.16099598930481282
0 0.8623046092184369 0.4159692513368984 0.09753507014028057 0.07960227272727273
0 0.7070315631262525 0.36743315508021385 0.08587675350701403 0.15342245989304815
0 0.5258792585170341 0.2092881016042781 0.07251002004008016 0.062092245989304816
0 0.27099699398797594 0.4211798128342246 0.11029058116232464 0.10049131016042781
0 0.026808617234468937 0.6084792780748662 0.05117735470941884 0.12060494652406419
0 0.8681638276553106 0.21612633689839572 0.0922244488977956 0.0947894385026738
0 0.382813126252505 0.19120989304812835 0.04492234468937876 0.06893382352941177
0 0.7719714428857716 0.6169485294117647 0.036560621242484964 0.08074197860962568
0 0.08209168336673346 0.8482219251336899 0.08709669338677355 0.10211898395721926
0 0.7729483967935872 0.12809826203208555 0.05542084168336674 0.07573529411764705
0 0.8217785571142284 0.330625 0.053985470941883766 0.03418114973262032
0 0.7290030060120241 0.3169418449197861 0.0523371743486974 0.06303141711229947
0 0.643066132264529 0.710110294117647 0.034483967935871745 0.04637700534759358
0 0.5170891783567134 0.9749164438502673 0.1070566132264529 0.05016711229946524
0 0.5048822645290582 0.8853576203208555 0.10760521042084169 0.09658088235294118
0 0.963867735470942 0.9446423796791443 0.070313126252505 0.10700534759358289
0 0.7314453907815631 0.9511564171122995 0.10125751503006013 0.08949532085561497
0 0.8120115230460923 0.7511530748663101 0.0319814629258517 0.0366644385026738
0 0.6796868737474949 0.3241109625668449 0.03912324649298597 0.06189171122994653