1 0.60937625250501 0.42541443850267374 0.1260996993987976 0.21205548128342247
1 0.8217785571142284 0.44072526737967915 0.10211172344689379 0.12630347593582886
1 0.2800300601202405 0.3267145721925134 0.05145290581162325 0.0818014705882353
1 0.4267585170340681 0.37980949197860964 0.16394038076152306 0.17915775401069517
1 0.7338877755511022 0.5879578877005348 0.03948897795591182 0.10122326203208556
1 0.9780285571142284 0.5876336898395722 0.04321392785571142 0.06641042780748663
1 0.8315430861723447 0.3993549465240641 0.04025300601202405 0.047596925133689835
1 0.5600576152304609 0.34853943850267377 0.052918336673346694 0.07557152406417113
1 0.28832915831663325 0.7127172459893047 0.070313126252505 0.09364973262032085
1 0.9443361723446894 0.7003375668449198 0.04302855711422846 0.045685160427807486
1 0.4484869739478958 0.5667847593582888 0.10821643286573146 0.13965909090909093
1 0.6054684368737475 0.604572192513369 0.044005511022044086 0.09584893048128341
1 0.1289053106212425 0.5928442513368983 0.03326402805611222 0.049999999999999996
1 0.13720691382765532 0.6762332887700535 0.03790330661322645 0.03859959893048128
1 0.7773446893787574 0.7296557486631017 0.0594188376753507 0.11229946524064172