1 0.7626953907815631 0.6938235294117647 0.13842685370741484 0.27101604278074864
1 0.46337925851703404 0.7407286096256686 0.3017585170340681 0.38958221925133696
1 0.8480235470941884 0.42085561497326207 0.3039554108216433 0.4263903743315508
1 0.5551753507014029 0.2278542780748663 0.19409068136272545 0.4443081550802139
1 0.9078982965931863 0.11514705882352941 0.18420340681362726 0.22427139037433155
1 0.5249023046092184 0.0933255347593583 0.16076653306613226 0.17915775401069517
1 0.8110345691382765 0.3320889037433155 0.1427004008016032 0.21482286096256684
1 0.07543837675350701 0.9413836898395721 0.07330410821643286 0.11514705882352941
1 0.19457915831663328 0.8482219251336899 0.21704158316633265 0.2944685828877005
1 0.71875 0.2838803475935829 0.0903932865731463 0.12150066844919785
1 0.330566132264529 0.4661330213903744 0.09600951903807614 0.12369986631016043
1 0.9541007014028056 0.22378342245989302 0.09027054108216433 0.22573529411764706
1 0.1624749498997996 0.7889371657754011 0.13452154308617234 0.11938168449197861
1 0.37304609218436874 0.6446356951871658 0.13098196392785572 0.12565508021390373
1 0.36792084168336675 0.887312834224599 0.1838376753507014 0.2223161764705882
1 0.11981212424849699 0.8071791443850267 0.05932615230460922 0.07463569518716577
1 0.47582915831663325 0.577533422459893 0.10559118236472946 0.11889371657754011