0 0.3044438877755511 0.8514806149732621 0.1757815631262525 0.22378342245989302
0 0.3090831663326653 0.6058723262032085 0.0927129258517034 0.09348596256684491
0 0.5258792585170341 0.7785160427807487 0.08630260521042084 0.12451203208556151
0 0.6088877755511022 0.5879578877005348 0.12292585170340682 0.13746323529411766
0 0.37231462925851705 0.4560327540106952 0.12420591182364729 0.21449866310160426
0 0.8012700400801603 0.8215106951871658 0.1274423847695391 0.1910461229946524
0 0.9360345691382765 0.6208589572192513 0.11938376753507014 0.1788302139037433
0 0.7783191382765532 0.6117379679144385 0.08587675350701403 0.12084893048128342
0 0.8551027054108217 0.7224866310160427 0.2897945891783567 0.3964237967914438
0 0.6079108216432866 0.4088001336898396 0.11938376753507014 0.1391711229946524
0 0.17333917835671345 0.7915441176470589 0.09893787575150301 0.1013870320855615
0 0.03884769539078157 0.9439906417112299 0.07769789579158318 0.1075735294117647
0 0.7221668336673346 0.7198830213903743 0.04281563126252505 0.050651737967914445
0 0.36523547094188374 0.6970788770053475 0.02784819639278557 0.0613201871657754
0 0.1918937875751503 0.6589672459893049 0.05014028056112224 0.034692513368983956