1 0.14782815631262525 0.8039237967914439 0.15612725450901804 0.10586564171122995
1 0.23400801603206411 0.9042513368983958 0.10052605210420842 0.10211898395721926
1 0.6918937875751503 0.3889304812834225 0.0757439879759519 0.09617312834224599
1 0.35058617234468936 0.23518382352941175 0.09808366733466935 0.19886363636363635
1 0.4299323647294589 0.062459893048128344 0.09234719438877755 0.09226604278074867
1 0.44921843687374746 0.9459458556149732 0.09844939879759519 0.09886029411764706
1 0.8637700400801603 0.2685728609625669 0.06188877755511022 0.06315173796791443
1 0.7148446893787574 0.9140207219251337 0.04779058116232465 0.07418783422459893
1 0.5776377755511022 0.44593582887700534 0.08618236472945892 0.07585561497326203
1 0.9785145290581162 0.20651737967914438 0.04132014028056112 0.047149064171122995
1 0.6215831663326654 0.5804645721925134 0.08373997995991984 0.09128676470588235
1 0.5097645290581162 0.10782085561497327 0.05889779559118236 0.06942179144385027
1 0.5878907815631262 0.10993649732620321 0.04037575150300601 0.06433489304812834
1 0.028296593186372745 0.8931751336898396 0.05659569138276553 0.08135360962566845
1 0.08197144288577154 0.774605614973262 0.04010020040080161 0.05553810160427807
1 0.4289554108216433 0.16612633689839573 0.03067134268537074 0.05720922459893048
1 0.9589854709418838 0.23160093582887703 0.0750125250501002 0.09397393048128343
1 0.3859869739478958 0.6052205882352941 0.044188376753507015 0.05260695187165776
1 0.6674799599198397 0.2910461229946524 0.03167835671342685 0.04016711229946524
1 0.6455085170340681 0.7811196524064171 0.03095941883767535 0.039191176470588236
1 0.11981212424849699 0.22427139037433155 0.02908316633266533 0.036320187165775404
1 0.6445315631262525 0.027546791443850267 0.03906312625250501 0.048332219251336905
1 0.08618236472945892 0.7022927807486632 0.02365230460921844 0.04804478609625668
1 0.9379884769539077 0.25163435828877007 0.036345190380761526 0.039555481283422456
1 0.6855460921843687 0.16571858288770053 0.019423847695390784 0.0334692513368984
1 0.7216808617234468 0.10154745989304813 0.02342184368737475 0.03450868983957219
1 0.8105460921843687 0.8553877005347594 0.024611723446893788 0.05798128342245989