1 0.24829158316633265 0.2788335561497326 0.07861222444889779 0.11115975935828876
1 0.3198246492985972 0.7224866310160427 0.07763777555110221 0.12109291443850267
1 0.28222695390781566 0.6039204545454546 0.08691382765531061 0.09918783422459893
1 0.5590831663326654 0.5977306149732621 0.14562875751503007 0.21987299465240642
1 0.4406738476953908 0.8378008021390374 0.19555611222444888 0.22134024064171123
1 0.13806112224448897 0.045357620320855614 0.11859218436873747 0.09071858288770053
1 0.6723622244488978 0.32036430481283423 0.14489729458917835 0.13550802139037432
1 0.08868486973947895 0.1391711229946524 0.09857214428857715 0.09723262032085563
1 0.6889654308617235 0.535187165775401 0.13256763527054108 0.23876671122994653
1 0.856933867735471 0.7648328877005348 0.2827154308617234 0.3099398395721925
1 0.10949649298597194 0.43323195187165775 0.08526553106212424 0.07418783422459893
1 0.02620741482965932 0.43616310160427807 0.05241482965931864 0.10684157754010695
1 0.9038076152304609 0.4511463903743315 0.18798847695390783 0.24935160427807485
1 0.7021492985971944 0.43877005347593584 0.0794689378757515 0.12809826203208555
1 0.43042084168336675 0.310427807486631 0.16882264529058116 0.20961229946524063
1 0.29638777555110224 0.5075000000000001 0.06335420841683366 0.06095254010695187
1 0.029586673346693387 0.9296590909090909 0.056640781563126255 0.1324933155080214
1 0.10821643286573146 0.8840541443850268 0.07330410821643286 0.054194518716577544
1 0.7949223446893787 0.6886096256684493 0.13891533066132264 0.15684157754010694
1 0.4736322645290581 0.533235294117647 0.055115230460921844 0.05309491978609626
1 0.6489253507014029 0.5205314171122994 0.0632314629258517 0.1357520053475936
1 0.3791508016032064 0.7889371657754011 0.060425851703406815 0.07463569518716577
1 0.9511723446893787 0.027015374331550802 0.043121242484969936 0.05297459893048128
1 0.38989228456913827 0.8723262032085561 0.07287575150300601 0.1267947860962567
1 0.34277304609218434 0.6873094919786096 0.041535571142284566 0.07072526737967914
1 0.5385746492985971 0.5136898395721925 0.0450125250501002 0.06482286096256684
1 0.8090831663326654 0.11254344919786097 0.03918336673346693 0.05785762032085562
1 0.2211923847695391 0.3151504010695187 0.02091933867735471 0.034304812834224596
1 0.36865230460921844 0.30081885026737964 0.0505060120240481 0.0782586898395722