0 0.7167960921843687 0.7739538770053476 0.12084919839679359 0.20179478609625667
0 0.2546392785571142 0.7550601604278074 0.15100200400801603 0.17378008021390376
0 0.9138802605210421 0.6117379679144385 0.17224198396793589 0.25684491978609625
0 0.5708016032064128 0.5592914438502674 0.17870991983967935 0.21384692513368986
0 0.8955085170340681 0.8202105614973263 0.16235470941883767 0.18567179144385026
0 0.04724198396793587 0.8677673796791444 0.0927129258517034 0.14536096256684491
0 0.14575150300601203 0.8983856951871657 0.1187750501002004 0.16433489304812834
0 0.5449223446893787 0.7798161764705882 0.1403807615230461 0.1952807486631016
0 0.20861723446893787 0.7615775401069518 0.07586673346693387 0.09869986631016042
0 0.3737800601202405 0.8834024064171122 0.09722945891783567 0.129725935828877
0 0.7504884769539077 0.6166243315508022 0.07598947895791584 0.141370320855615
0 0.3767084168336673 0.5671089572192514 0.10070891783567133 0.13941510695187165
0 0.7060546092184369 0.9446423796791443 0.0713502004008016 0.10383021390374332
0 0.4873046092184369 0.8925233957219251 0.07922344689378757 0.11351938502673796
0 0.4462900801603206 0.7094585561497325 0.06878757515030061 0.0981283422459893
0 0.10742234468937875 0.7355180481283423 0.04458667334669339 0.05113970588235294
0 0.01998997995991984 0.7244418449197861 0.03933617234468938 0.07654745989304813
0 0.7626953907815631 0.43714237967914443 0.06634519038076153 0.07504344919786096
0 0.5336923847695391 0.4814405080213904 0.10949649298597194 0.09780414438502674
0 0.28344689378757515 0.7068516042780749 0.04132014028056112 0.07178475935828878
0 0.8500976953907816 0.8918716577540107 0.07666082164328657 0.08135360962566845
0 0.8989253507014029 0.9531116310160428 0.20056112224448897 0.08803141711229946
0 0.3940430861723447 0.6866577540106952 0.04959168336673347 0.07671122994652407
0 0.8657214428857716 0.6270454545454545 0.070313126252505 0.09552139037433155
0 0.4357915831663327 0.8065274064171123 0.06231713426853708 0.07312834224598931