0 0.3791508016032064 0.6485461229946524 0.13501002004008017 0.2234558823529412
0 0.57812625250501 0.5648295454545454 0.09417835671342685 0.15741310160427807
0 0.07132014028056112 0.8039237967914439 0.14264028056112224 0.2581483957219251
0 0.20959418837675353 0.5830715240641711 0.09588677354709418 0.1117279411764706
0 0.8559569138276553 0.6332352941176471 0.12420591182364729 0.18322860962566845
0 0.8251953907815631 0.40750000000000003 0.08868486973947895 0.12475935828877005
0 0.41796843687374746 0.24055815508021391 0.12695390781563126 0.2169418449197861
0 0.3200676352705411 0.598706550802139 0.09503256513026052 0.1250033422459893
0 0.34375 0.3967479946524064 0.08166583166332665 0.10814505347593582
0 0.045593687374749496 0.7290040106951872 0.09088176352705411 0.09902406417112299
0 0.651367735470942 0.37394719251336894 0.11218186372745491 0.1438135026737968
0 0.6445315631262525 0.20032754010695186 0.11395290581162323 0.14356951871657755
0 0.18408316633266533 0.6866577540106952 0.07543837675350701 0.06665441176470588
0 0.9628907815631262 0.39088569518716576 0.07287575150300601 0.13550802139037432
0 0.2233892785571142 0.8573429144385027 0.055115230460921844 0.06327540106951872
0 0.7753907815631262 0.5162967914438502 0.036162324649298604 0.04987967914438503
0 0.27856462925851705 0.7413803475935828 0.056548096192384774 0.049999999999999996
0 0.40551853707414826 0.48665441176470586 0.02914328657314629 0.06518716577540107
0 0.5595691382765532 0.8397526737967914 0.0812374749498998 0.053870320855614974
0 0.8950200400801603 0.547566844919786 0.10266032064128257 0.12769050802139037
0 0.3388677354709419 0.6964271390374331 0.08166583166332665 0.1377072192513369
0 0.9492184368737475 0.535514705882353 0.10107464929859719 0.16042780748663102
0 0.22827154308617234 0.45017045454545457 0.052825651302605206 0.042510026737967915
0 0.47509769539078156 0.4762299465240642 0.02937374749498998 0.03450868983957219
0 0.5532214428857716 0.5377941176470588 0.045593687374749496 0.05883689839572192