1 0.4611823647294589 0.28274064171123 0.15820390781563126 0.211403743315508
1 0.22851452905811623 0.4061965240641711 0.1716307615230461 0.13037767379679144
1 0.7094714428857716 0.07365641711229946 0.08959919839679359 0.1416143048128342
1 0.08252004008016033 0.22573529411764706 0.16137775551102204 0.182576871657754
1 0.5317384769539077 0.06258355614973261 0.11126753507014028 0.12256016042780749
1 0.6708992985971944 0.33323195187165777 0.0944814629258517 0.3309491978609626
1 0.9726553106212426 0.13086564171122994 0.050904308617234474 0.1075735294117647
1 0.38012775551102207 0.485350935828877 0.05801352705410822 0.08106951871657754
1 0.19982965931863728 0.047596925133689835 0.09844939879759519 0.09430147058823529
1 0.9824223446893787 0.5189004010695187 0.027740480961923848 0.08737967914438502
1 0.6469714428857716 0.23127339572192515 0.06707665330661322 0.08241310160427807
1 0.8793937875751503 0.37850935828877 0.05801352705410822 0.05712566844919786
1 0.40405310621242485 0.38437165775401066 0.05212424849699399 0.05447860962566845
1 0.2770991983967936 0.14234625668449197 0.08990480961923847 0.20830882352941177
1 0.8208016032064128 0.31107954545454547 0.06536823647294589 0.08566844919786096
1 0.27465931863727455 0.0809057486631016 0.06732214428857715 0.0820855614973262
1 0.5048822645290582 0.027383021390374334 0.05014028056112224 0.05317513368983957
1 0.016402805611222447 0.9680949197860963 0.03277555110220441 0.057657085561497325
1 0.8300776553106213 0.15928475935828876 0.035949398797595185 0.038967245989304816