1 0.5419914829659319 0.32199197860962564 0.09332164328657315 0.1338770053475936
1 0.07122745490981963 0.2697125668449198 0.11999498997995992 0.1254077540106952
1 0.2810070140280561 0.4156417112299465 0.2143562124248497 0.4061965240641711
1 0.4645991983967936 0.22996991978609627 0.08361723446893787 0.08045788770053476
1 0.06341432865731463 0.6573395721925134 0.1268311623246493 0.18322860962566845
1 0.6499023046092184 0.2052139037433155 0.07904058116232464 0.08379679144385027
1 0.07879759519038076 0.4557085561497326 0.15612725450901804 0.14356951871657755
1 0.3884268537074148 0.1428375668449198 0.05145290581162325 0.07178475935828878
1 0.8500976953907816 0.1117279411764706 0.28710921843687376 0.21775735294117646
1 0.25585921843687376 0.2612433155080214 0.08300851703406814 0.12150066844919785
1 0.49047845691382763 0.12060494652406419 0.03775050100200401 0.06282754010695187
1 0.08831663326653307 0.5882820855614974 0.07531813627254509 0.10105949197860963
1 0.20605460921843688 0.35440508021390377 0.06475951903807614 0.10358622994652407
1 0.7836923847695391 0.10798128342245988 0.10931362725450902 0.1292379679144385
1 0.20349198396793589 0.5394217914438503 0.14465430861723447 0.2052139037433155
1 0.7509769539078156 0.1288302139037433 0.0658567134268537 0.07943850267379679
1 0.9267585170340681 0.6866577540106952 0.03677354709418838 0.059284759358288766
1 0.6699223446893787 0.3918649732620321 0.035613727454909816 0.05614973262032086
1 0.49414078156312624 0.40815173796791443 0.02600200400801603 0.047149064171122995
1 0.5341808617234468 0.2871390374331551 0.04409819639278557 0.057737299465240643
1 0.45581162324649294 0.7961062834224598 0.06610220440881763 0.09690842245989305