0 0.84375 0.44723930481283425 0.1106563126252505 0.21107954545454544
0 0.8286122244488978 0.15904077540106953 0.24438376753507016 0.30668114973262034
0 0.4079584168336673 0.16262366310160428 0.12170340681362725 0.1598562834224599
0 0.25219689378757515 0.282576871657754 0.19470190380761523 0.1943014705882353
0 0.9508817635270541 0.48763034759358287 0.09823647294589179 0.14609291443850267
0 0.5522469939879759 0.2871390374331551 0.16662575150300601 0.16856951871657755
0 0.5932615230460923 0.0909625668449198 0.13159068136272545 0.17150066844919787
0 0.7075200400801603 0.16775401069518717 0.13342184368737475 0.2833923796791444
0 0.1450200400801603 0.123048128342246 0.08947645290581162 0.10358622994652407
0 0.7592785571142284 0.042670454545454546 0.12512274549098196 0.08163770053475936
0 0.9067384769539077 0.05863302139037433 0.07287575150300601 0.11498663101604278
0 0.4926753507014028 0.290394385026738 0.05801352705410822 0.10342245989304813
0 0.2575676352705411 0.15342245989304815 0.05145290581162325 0.09902406417112299
0 0.19433617234468936 0.2731316844919786 0.08679108216432867 0.13746323529411766
0 0.7622069138276553 0.10855280748663103 0.05975450901803607 0.08754344919786096
0 0.5341808617234468 0.02760695187165775 0.06866482965931864 0.052403074866310156
0 0.5551753507014029 0.08868315508021389 0.052825651302605206 0.0782586898395722