1 0.3767084168336673 0.5247660427807487 0.14099198396793589 0.1660461229946524
1 0.3129884769539078 0.5879578877005348 0.14062625250501 0.13314505347593583
1 0.4951177354709419 0.5524532085561498 0.08465681362725451 0.1438135026737968
1 0.6284168336673346 0.5117346256684492 0.07019038076152305 0.1386831550802139
1 0.9560696392785571 0.4938201871657754 0.08786072144288577 0.09658088235294118
1 0.8100576152304609 0.6208589572192513 0.15820390781563126 0.2131951871657754
1 0.4995115230460922 0.6293282085561498 0.17468186372745492 0.3231316844919786
1 0.058226452905811625 0.7205347593582888 0.11498997995991984 0.30081885026737964
1 0.2966307615230461 0.846918449197861 0.19494739478957918 0.2560294117647059
1 0.6933592184368738 0.634211229946524 0.08477705410821644 0.1975601604278075
1 0.34448146292585174 0.47590240641711234 0.07861222444889779 0.08998663101604279
1 0.7119138276553106 0.8136931818181818 0.08618236472945892 0.10383021390374332
1 0.9652104208416833 0.6032687165775401 0.06957915831663326 0.0853442513368984
1 0.24218687374749498 0.7908923796791444 0.07598947895791584 0.12899398395721925
1 0.16821392785571143 0.9498529411764706 0.11315881763527054 0.09674465240641711
1 0.536132264529058 0.33844251336898395 0.07092184368737475 0.08106951871657754
1 0.598632264529058 0.942687165775401 0.14562875751503007 0.105701871657754
1 0.15100200400801603 0.3947961229946524 0.0375375751503006 0.04637700534759358
1 0.6943361723446894 0.5755782085561497 0.058654809619238475 0.09364973262032085
1 0.7465831663326654 0.6684157754010696 0.0617685370741483 0.0881951871657754
1 0.9349048096192385 0.6651570855614973 0.130187875751503 0.3697125668449198
1 0.25634769539078156 0.05199532085561497 0.09436122244488977 0.10154745989304813
1 0.3208016032064129 0.7765608288770053 0.056548096192384774 0.08501671122994653
1 0.5512700400801603 0.9667914438502674 0.07055611222444891 0.062459893048128344