0 0.17236222444889782 0.3700401069518717 0.0757439879759519 0.09031082887700534
0 0.6284168336673346 0.19723596256684492 0.06982464929859719 0.09747660427807486
0 0.8325200400801603 0.04637700534759358 0.2224123246492986 0.08982286096256685
0 0.7568361723446894 0.08575200534759359 0.08404559118236472 0.16515040106951873
0 0.598632264529058 0.28958221925133687 0.08105460921843687 0.09658088235294118
0 0.9443361723446894 0.10211898395721926 0.1099248496993988 0.1471524064171123
0 0.38134769539078156 0.38697860962566843 0.062104208416833666 0.09161430481283422
0 0.6884769539078156 0.030030080213903743 0.07641533066132265 0.055417780748663104
0 0.3981938877755511 0.30163435828877005 0.06866482965931864 0.06018048128342246
0 0.11315881763527054 0.3886062834224599 0.04913326653306613 0.09079879679144386
0 0.67187625250501 0.11376336898395721 0.05975450901803607 0.06408756684491979
0 0.07366983967935871 0.6146691176470588 0.06487975951903807 0.07190842245989305
0 0.44335921843687376 0.21808155080213903 0.041077154308617234 0.0735360962566845
0 0.025506012024048095 0.7303041443850268 0.05100951903807615 0.2014705882352941
0 0.2768562124248497 0.3190608288770053 0.024521543086172343 0.045848930481283426
0 0.6650400801603207 0.1731283422459893 0.17248496993987975 0.27997326203208556