1 0.7510855263157895 0.5754819277108434 0.497796052631579 0.8489759036144578
1 0.8413486842105263 0.4630722891566265 0.24055921052631576 0.9260843373493975
1 0.8931907894736841 0.08349397590361446 0.21361842105263157 0.1569277108433735
1 0.13276315789473683 0.03246987951807229 0.2654934210526316 0.06493975903614457
1 0.600592105263158 0.7743975903614458 0.10894736842105263 0.14373493975903615
1 0.09125 0.41000000000000003 0.11921052631578948 0.16096385542168673
1 0.14427631578947367 0.7203012048192771 0.2802631578947368 0.5096987951807229
1 0.5649342105263159 0.5414457831325301 0.09773026315789474 0.09867469879518072
1 0.41480263157894737 0.01704819277108434 0.23401315789473684 0.03415662650602409
1 0.6547697368421053 0.3404819277108434 0.181875 0.407289156626506
1 0.8276315789473684 0.033192771084337346 0.07092105263157894 0.06457831325301205
0 0.8651315789473685 0.07228915662650602 0.8717105263157895 0.08433734939759036 0.875 0.08433734939759036 0.8914473684210527 0.10843373493975904 0.9111842105263158 0.10843373493975904 0.9144736842105263 0.10240963855421686 0.9375 0.10240963855421686 0.9375 0.1144578313253012 0.9342105263157895 0.12048192771084337 0.9342105263157895 0.13253012048192772 0.930921052631579 0.13855421686746988 0.930921052631579 0.14457831325301204 0.9342105263157895 0.15060240963855423 0.9539473684210527 0.15060240963855423 0.9605263157894737 0.16265060240963855 0.9736842105263158 0.16265060240963855 0.9736842105263158 0.1686746987951807 0.9769736842105263 0.1746987951807229 0.9736842105263158 0.1927710843373494 0.9703947368421053 0.19879518072289157 0.9539473684210527 0.19879518072289157 0.9506578947368421 0.20481927710843373 0.9506578947368421 0.21084337349397592 0.9407894736842105 0.21084337349397592 0.9375 0.21686746987951808 0.9243421052631579 0.21686746987951808 0.9210526315789473 0.22289156626506024 0.9013157894736842 0.22289156626506024 0.9078947368421053 0.22289156626506024 0.9111842105263158 0.21686746987951808 0.9078947368421053 0.21084337349397592 0.8947368421052632 0.21084337349397592 0.8914473684210527 0.21686746987951808 0.8947368421052632 0.22289156626506024 0.8914473684210527 0.2289156626506024 0.8848684210526315 0.2289156626506024 0.881578947368421 0.23493975903614459 0.868421052631579 0.23493975903614459 0.8651315789473685 0.24096385542168675 0.8355263157894737 0.24096385542168675 0.8256578947368421 0.25301204819277107 0.8092105263157895 0.25301204819277107 0.8026315789473685 0.26506024096385544 0.7993421052631579 0.25903614457831325 0.7828947368421053 0.25903614457831325 0.7796052631578947 0.26506024096385544 0.7467105263157895 0.26506024096385544 0.743421052631579 0.2710843373493976 0.7302631578947368 0.2710843373493976 0.7269736842105263 0.27710843373493976 0.7203947368421053 0.27710843373493976 0.7171052631578947 0.28313253012048195 0.7105263157894737 0.28313253012048195 0.7039473684210527 0.29518072289156627 0.7039473684210527 0.30120481927710846 0.694078947368421 0.3192771084337349 0.6973684210526315 0.3253012048192771 0.7039473684210527 0.3253012048192771 0.7138157894736842 0.3373493975903614 0.7236842105263158 0.3373493975903614 0.7302631578947368 0.35542168674698793 0.7203947368421053 0.3674698795180723 0.7269736842105263 0.3795180722891566 0.7335526315789473 0.3795180722891566 0.7335526315789473 0.3855421686746988 0.7171052631578947 0.3855421686746988 0.7171052631578947 0.37349397590361444 0.7138157894736842 0.3674698795180723 0.7105263157894737 0.3674698795180723 0.7006578947368421 0.3795180722891566 0.694078947368421 0.3795180722891566 0.6842105263157895 0.39759036144578314 0.680921052631579 0.39759036144578314 0.6578947368421053 0.4397590361445783 0.6578947368421053 0.4457831325301205 0.6447368421052632 0.46987951807228917 0.6447368421052632 0.4759036144578313 0.6381578947368421 0.4879518072289157 0.6381578947368421 0.4939759036144578 0.631578947368421 0.5120481927710844 0.631578947368421 0.5240963855421686 0.6348684210526315 0.5301204819277109 0.6381578947368421 0.5301204819277109 0.631578947368421 0.5301204819277109 0.6217105263157895 0.5481927710843374 0.6118421052631579 0.5481927710843374 0.6085526315789473 0.5421686746987951 0.6019736842105263 0.5421686746987951 0.5986842105263158 0.536144578313253 0.5986842105263158 0.5180722891566265 0.6052631578947368 0.5060240963855421 0.6085526315789473 0.5060240963855421 0.6118421052631579 0.5 0.6085526315789473 0.4939759036144578 0.6085526315789473 0.4879518072289157 0.6118421052631579 0.4819277108433735 0.6118421052631579 0.4759036144578313 0.6217105263157895 0.4578313253012048 0.6217105263157895 0.4457831325301205 0.631578947368421 0.42771084337349397 0.631578947368421 0.42168674698795183 0.6348684210526315 0.42168674698795183 0.6381578947368421 0.41566265060240964 0.6381578947368421 0.40963855421686746 0.6546052631578947 0.3795180722891566 0.6546052631578947 0.3674698795180723 0.6644736842105263 0.3614457831325301 0.6710526315789473 0.3433734939759036 0.6611842105263158 0.3253012048192771 0.6513157894736842 0.3253012048192771 0.6414473684210527 0.3433734939759036 0.6381578947368421 0.3433734939759036 0.631578947368421 0.35542168674698793 0.631578947368421 0.3614457831325301 0.6282894736842105 0.3674698795180723 0.625 0.3674698795180723 0.6217105263157895 0.37349397590361444 0.6217105263157895 0.3795180722891566 0.6085526315789473 0.4036144578313253 0.6085526315789473 0.40963855421686746 0.6019736842105263 0.42771084337349397 0.5986842105263158 0.42771084337349397 0.5953947368421053 0.43373493975903615 0.5822368421052632 0.43373493975903615 0.5789473684210527 0.42771084337349397 0.5789473684210527 0.41566265060240964 0.5855263157894737 0.4036144578313253 0.5888157894736842 0.3855421686746988 0.5986842105263158 0.3674698795180723 0.5986842105263158 0.35542168674698793 0.5953947368421053 0.3493975903614458 0.5756578947368421 0.3493975903614458 0.5723684210526315 0.35542168674698793 0.569078947368421 0.35542168674698793 0.5657894736842105 0.3493975903614458 0.5723684210526315 0.3373493975903614 0.5723684210526315 0.3313253012048193 0.5789473684210527 0.3132530120481928 0.5789473684210527 0.30120481927710846 0.5822368421052632 0.29518072289156627 0.5822368421052632 0.28313253012048195 0.5855263157894737 0.27710843373493976 0.5822368421052632 0.2710843373493976 0.5822368421052632 0.26506024096385544 0.5855263157894737 0.25903614457831325 0.5855263157894737 0.25301204819277107 0.5921052631578947 0.24096385542168675 0.5921052631578947 0.23493975903614459 0.6019736842105263 0.21686746987951808 0.6019736842105263 0.21084337349397592 0.6151315789473685 0.18674698795180722 0.618421052631579 0.18674698795180722 0.6282894736842105 0.1686746987951807 0.631578947368421 0.1686746987951807 0.6381578947368421 0.1566265060240964 0.6414473684210527 0.1566265060240964 0.6447368421052632 0.15060240963855423 0.6578947368421053 0.15060240963855423 0.6611842105263158 0.14457831325301204 0.6677631578947368 0.14457831325301204 0.6743421052631579 0.13253012048192772 0.680921052631579 0.13253012048192772 0.6842105263157895 0.12650602409638553 0.6907894736842105 0.12650602409638553 0.6973684210526315 0.1144578313253012 0.7006578947368421 0.1144578313253012 0.7105263157894737 0.10240963855421686 0.7335526315789473 0.10240963855421686 0.7368421052631579 0.0963855421686747 0.7532894736842105 0.0963855421686747 0.756578947368421 0.09036144578313253 0.7828947368421053 0.09036144578313253 0.7861842105263158 0.08433734939759036 0.805921052631579 0.08433734939759036 0.8092105263157895 0.0783132530120482 0.8125 0.0783132530120482 0.8157894736842105 0.08433734939759036 0.819078947368421 0.0783132530120482 0.8421052631578947 0.0783132530120482 0.8453947368421053 0.07228915662650602 0.8618421052631579 0.07228915662650602