1 0.7287066246056783 0.06289308176100629 0.7318611987381703 0.06918238993710692 0.750788643533123 0.06918238993710692 0.7539432176656151 0.07547169811320754 0.7539432176656151 0.0880503144654088 0.7602523659305994 0.10062893081761007 0.7697160883280757 0.10062893081761007 0.7728706624605678 0.1069182389937107 0.7823343848580442 0.11320754716981132 0.7981072555205048 0.13836477987421383 0.8012618296529969 0.13836477987421383 0.8012618296529969 0.16352201257861634 0.807570977917981 0.1761006289308176 0.8107255520504731 0.1761006289308176 0.8138801261829653 0.18238993710691823 0.8138801261829653 0.20125786163522014 0.807570977917981 0.2138364779874214 0.8012618296529969 0.25157232704402516 0.7949526813880127 0.25157232704402516 0.7917981072555205 0.24528301886792453 0.7823343848580442 0.2389937106918239 0.7823343848580442 0.23270440251572327 0.7697160883280757 0.20754716981132076 0.7665615141955836 0.20754716981132076 0.7634069400630915 0.20125786163522014 0.7539432176656151 0.20125786163522014 0.750788643533123 0.20754716981132076 0.750788643533123 0.22012578616352202 0.7539432176656151 0.22641509433962265 0.7539432176656151 0.24528301886792453 0.7444794952681388 0.2641509433962264 0.7444794952681388 0.27044025157232704 0.7413249211356467 0.27044025157232704 0.7381703470031545 0.27672955974842767 0.7287066246056783 0.27672955974842767 0.7255520504731862 0.2830188679245283 0.7192429022082019 0.2830188679245283 0.7160883280757098 0.2893081761006289 0.7066246056782335 0.29559748427672955 0.6971608832807571 0.31446540880503143 0.6971608832807571 0.32075471698113206 0.6908517350157729 0.32075471698113206 0.6813880126182965 0.3081761006289308 0.6719242902208202 0.3081761006289308 0.6719242902208202 0.2893081761006289 0.6750788643533123 0.2830188679245283 0.6750788643533123 0.24528301886792453 0.6656151419558359 0.22641509433962265 0.6656151419558359 0.18867924528301888 0.668769716088328 0.18238993710691823 0.6656151419558359 0.1761006289308176 0.6656151419558359 0.16981132075471697 0.6750788643533123 0.1509433962264151 0.6845425867507886 0.1509433962264151 0.6876971608832808 0.15723270440251572 0.6908517350157729 0.15723270440251572 0.694006309148265 0.1509433962264151 0.7034700315457413 0.14465408805031446 0.7160883280757098 0.11949685534591195 0.7160883280757098 0.08176100628930817 0.7192429022082019 0.07547169811320754 0.7192429022082019 0.06918238993710692 0.722397476340694 0.06289308176100629 0.7255520504731862 0.06289308176100629
1 0.17350157728706625 0.8679245283018868 0.17665615141955837 0.8616352201257862 0.17665615141955837 0.8490566037735849 0.17981072555205047 0.8427672955974843 0.1829652996845426 0.8427672955974843 0.1861198738170347 0.8364779874213837 0.19558359621451105 0.8364779874213837 0.20504731861198738 0.8553459119496856 0.20504731861198738 0.8805031446540881 0.19558359621451105 0.89937106918239 0.1861198738170347 0.89937106918239 0.17665615141955837 0.8867924528301887 0.17665615141955837 0.8742138364779874
1 0.47003154574132494 0.050314465408805034 0.47634069400630913 0.050314465408805034 0.4794952681388013 0.05660377358490566 0.5047318611987381 0.05660377358490566 0.5078864353312302 0.06289308176100629 0.5299684542586751 0.06289308176100629 0.5362776025236593 0.07547169811320754 0.5362776025236593 0.1069182389937107 0.5331230283911672 0.11320754716981132 0.5299684542586751 0.11320754716981132 0.5205047318611987 0.1320754716981132 0.5205047318611987 0.13836477987421383 0.5141955835962145 0.1509433962264151 0.5141955835962145 0.16352201257861634 0.5110410094637224 0.16981132075471697 0.501577287066246 0.16981132075471697 0.49842271293375395 0.1761006289308176 0.4952681388012618 0.1761006289308176 0.48580441640378547 0.1949685534591195 0.47003154574132494 0.1949685534591195 0.47003154574132494 0.18867924528301888 0.4668769716088328 0.18238993710691823 0.4668769716088328 0.16981132075471697 0.4637223974763407 0.16352201257861634 0.4637223974763407 0.1509433962264151 0.45425867507886436 0.11949685534591195 0.4668769716088328 0.09433962264150944 0.4668769716088328 0.0880503144654088 0.47318611987381703 0.07547169811320754 0.47003154574132494 0.06918238993710692 0.47003154574132494 0.05660377358490566
1 0.6813880126182965 0.1509433962264151 0.6845425867507886 0.15723270440251572 0.7129337539432177 0.15723270440251572 0.7192429022082019 0.16981132075471697 0.7287066246056783 0.1761006289308176 0.7350157728706624 0.18867924528301888 0.7381703470031545 0.18867924528301888 0.7413249211356467 0.1949685534591195 0.7444794952681388 0.1949685534591195 0.7476340694006309 0.20125786163522014 0.7476340694006309 0.20754716981132076 0.750788643533123 0.2138364779874214 0.750788643533123 0.22641509433962265 0.7539432176656151 0.23270440251572327 0.7539432176656151 0.2389937106918239 0.7413249211356467 0.27044025157232704 0.7381703470031545 0.27044025157232704 0.7350157728706624 0.27672955974842767 0.722397476340694 0.27672955974842767 0.7192429022082019 0.2830188679245283 0.7160883280757098 0.2830188679245283 0.7129337539432177 0.2893081761006289 0.7034700315457413 0.29559748427672955 0.6971608832807571 0.3081761006289308 0.6971608832807571 0.32075471698113206 0.6908517350157729 0.32075471698113206 0.6813880126182965 0.3081761006289308 0.6719242902208202 0.3081761006289308 0.668769716088328 0.3018867924528302 0.6719242902208202 0.29559748427672955 0.6719242902208202 0.2893081761006289 0.6782334384858044 0.27672955974842767 0.6750788643533123 0.27044025157232704 0.6750788643533123 0.2389937106918239 0.6656151419558359 0.22641509433962265 0.6656151419558359 0.1949685534591195 0.668769716088328 0.18867924528301888 0.668769716088328 0.1761006289308176 0.6656151419558359 0.16981132075471697 0.6750788643533123 0.1509433962264151 0.6782334384858044 0.1509433962264151
1 0.43217665615141954 0.4088050314465409 0.4384858044164038 0.42138364779874216 0.4416403785488959 0.42138364779874216 0.4416403785488959 0.4276729559748428 0.4479495268138801 0.44654088050314467 0.4479495268138801 0.4591194968553459 0.444794952681388 0.46540880503144655 0.444794952681388 0.4716981132075472 0.4384858044164038 0.48427672955974843 0.416403785488959 0.48427672955974843 0.4037854889589905 0.4528301886792453 0.39747634069400634 0.4528301886792453 0.3943217665615142 0.44654088050314467 0.3911671924290221 0.44654088050314467 0.3911671924290221 0.44025157232704404 0.38801261829652994 0.4339622641509434 0.38801261829652994 0.4088050314465409 0.3943217665615142 0.39622641509433965 0.39747634069400634 0.39622641509433965 0.4069400630914827 0.3836477987421384 0.416403785488959 0.3836477987421384 0.42902208201892744 0.4088050314465409
1 0.7854889589905363 0.36477987421383645 0.8012618296529969 0.36477987421383645 0.8012618296529969 0.3710691823899371 0.804416403785489 0.37735849056603776 0.804416403785489 0.39622641509433965 0.8107255520504731 0.41509433962264153 0.8107255520504731 0.4276729559748428 0.807570977917981 0.4339622641509434 0.807570977917981 0.4591194968553459 0.804416403785489 0.46540880503144655 0.804416403785489 0.4779874213836478 0.8012618296529969 0.48427672955974843 0.8012618296529969 0.49056603773584906 0.7981072555205048 0.49056603773584906 0.7949526813880127 0.4968553459119497 0.7791798107255521 0.4968553459119497 0.7791798107255521 0.48427672955974843 0.7760252365930599 0.4779874213836478 0.7760252365930599 0.41509433962264153 0.7791798107255521 0.4088050314465409 0.7791798107255521 0.4025157232704403 0.7854889589905363 0.389937106918239 0.7854889589905363 0.3710691823899371
1 0.917981072555205 0.22641509433962265 0.9274447949526814 0.2389937106918239 0.9274447949526814 0.2578616352201258 0.9305993690851735 0.2641509433962264 0.9305993690851735 0.2893081761006289 0.9242902208201893 0.3018867924528302 0.9211356466876972 0.3018867924528302 0.9116719242902208 0.31446540880503143 0.9053627760252366 0.31446540880503143 0.9022082018927445 0.3081761006289308 0.9022082018927445 0.29559748427672955 0.8958990536277602 0.2830188679245283 0.8958990536277602 0.27672955974842767 0.8927444794952681 0.27044025157232704 0.8927444794952681 0.2389937106918239 0.8958990536277602 0.23270440251572327 0.9085173501577287 0.23270440251572327 0.9116719242902208 0.22641509433962265 0.9148264984227129 0.22641509433962265
1 0.12618296529968454 0.48427672955974843 0.14826498422712933 0.48427672955974843 0.1640378548895899 0.5031446540880503 0.17034700315457413 0.5031446540880503 0.17665615141955837 0.5157232704402516 0.17665615141955837 0.5220125786163522 0.19242902208201892 0.5471698113207547 0.19242902208201892 0.559748427672956 0.1892744479495268 0.5660377358490566 0.1892744479495268 0.5723270440251572 0.17981072555205047 0.5911949685534591 0.17981072555205047 0.6163522012578616 0.17350157728706625 0.6289308176100629 0.167192429022082 0.6289308176100629 0.1640378548895899 0.6352201257861635 0.15772870662460567 0.6352201257861635 0.15457413249211358 0.6415094339622641 0.14195583596214512 0.6415094339622641 0.138801261829653 0.6477987421383647 0.13249211356466878 0.6477987421383647 0.12933753943217666 0.6540880503144654 0.12618296529968454 0.6540880503144654 0.12302839116719243 0.660377358490566 0.12302839116719243 0.6666666666666666 0.1167192429022082 0.6792452830188679 0.1167192429022082 0.6855345911949685 0.11041009463722397 0.6981132075471698 0.10725552050473186 0.7169811320754716 0.08832807570977919 0.7169811320754716 0.08201892744479496 0.7044025157232704 0.07886435331230283 0.7044025157232704 0.07570977917981073 0.6981132075471698 0.07570977917981073 0.6855345911949685 0.07255520504731862 0.6792452830188679 0.07255520504731862 0.6666666666666666 0.06309148264984227 0.6477987421383647 0.06309148264984227 0.6352201257861635 0.05993690851735016 0.6289308176100629 0.05993690851735016 0.6163522012578616 0.056782334384858045 0.610062893081761 0.05993690851735016 0.6037735849056604 0.05993690851735016 0.5974842767295597 0.06309148264984227 0.5911949685534591 0.06624605678233439 0.5723270440251572 0.07886435331230283 0.5471698113207547 0.07886435331230283 0.5408805031446541 0.08517350157728706 0.5220125786163522 0.08832807570977919 0.5220125786163522 0.0914826498422713 0.5157232704402516 0.10725552050473186 0.5157232704402516 0.11041009463722397 0.5094339622641509 0.1167192429022082 0.5094339622641509 0.11987381703470032 0.5031446540880503 0.12302839116719243 0.5031446540880503 0.12618296529968454 0.4968553459119497 0.12618296529968454 0.49056603773584906
1 0.2996845425867508 0.05660377358490566 0.2996845425867508 0.07547169811320754 0.28391167192429023 0.10062893081761007 0.277602523659306 0.10062893081761007 0.2744479495268139 0.1069182389937107 0.2744479495268139 0.11320754716981132 0.26813880126182965 0.1320754716981132 0.26813880126182965 0.13836477987421383 0.27129337539432175 0.14465408805031446 0.27129337539432175 0.16981132075471697 0.26498422712933756 0.18238993710691823 0.24290220820189273 0.18238993710691823 0.23659305993690852 0.16981132075471697 0.23659305993690852 0.13836477987421383 0.23974763406940064 0.1320754716981132 0.23974763406940064 0.12578616352201258 0.24290220820189273 0.12578616352201258 0.24921135646687698 0.11320754716981132 0.25236593059936907 0.11320754716981132 0.2586750788643533 0.10062893081761007 0.2618296529968454 0.10062893081761007 0.26813880126182965 0.0880503144654088 0.26813880126182965 0.08176100628930817 0.27129337539432175 0.07547169811320754 0.27129337539432175 0.06289308176100629 0.2744479495268139 0.05660377358490566 0.29652996845425866 0.05660377358490566
1 0.7287066246056783 0.06289308176100629 0.7318611987381703 0.06918238993710692 0.750788643533123 0.06918238993710692 0.7602523659305994 0.10062893081761007 0.7697160883280757 0.10062893081761007 0.7728706624605678 0.1069182389937107 0.7760252365930599 0.1069182389937107 0.7791798107255521 0.11320754716981132 0.7886435331230284 0.11949685534591195 0.7981072555205048 0.13836477987421383 0.8012618296529969 0.13836477987421383 0.8012618296529969 0.15723270440251572 0.804416403785489 0.16352201257861634 0.804416403785489 0.16981132075471697 0.8138801261829653 0.18238993710691823 0.8138801261829653 0.20125786163522014 0.8107255520504731 0.20754716981132076 0.807570977917981 0.22641509433962265 0.7981072555205048 0.2578616352201258 0.7949526813880127 0.2578616352201258 0.7854889589905363 0.2389937106918239 0.7823343848580442 0.2389937106918239 0.7665615141955836 0.20754716981132076 0.7570977917981072 0.20754716981132076 0.7539432176656151 0.2138364779874214 0.7539432176656151 0.24528301886792453 0.750788643533123 0.25157232704402516 0.750788643533123 0.2578616352201258 0.7287066246056783 0.29559748427672955 0.7287066246056783 0.3018867924528302 0.7318611987381703 0.3081761006289308 0.7413249211356467 0.31446540880503143 0.7413249211356467 0.3270440251572327 0.7444794952681388 0.3333333333333333 0.7444794952681388 0.34591194968553457 0.7413249211356467 0.3522012578616352 0.7413249211356467 0.3710691823899371 0.7444794952681388 0.37735849056603776 0.7476340694006309 0.39622641509433965 0.750788643533123 0.4025157232704403 0.7539432176656151 0.4025157232704403 0.7602523659305994 0.41509433962264153 0.7665615141955836 0.41509433962264153 0.7697160883280757 0.42138364779874216 0.7665615141955836 0.4276729559748428 0.7665615141955836 0.4528301886792453 0.7602523659305994 0.46540880503144655 0.7570977917981072 0.48427672955974843 0.7476340694006309 0.5031446540880503 0.7444794952681388 0.5031446540880503 0.7381703470031545 0.5157232704402516 0.7192429022082019 0.5157232704402516 0.7034700315457413 0.48427672955974843 0.7034700315457413 0.4779874213836478 0.6971608832807571 0.46540880503144655 0.6971608832807571 0.4528301886792453 0.694006309148265 0.44654088050314467 0.694006309148265 0.42138364779874216 0.6971608832807571 0.41509433962264153 0.7003154574132492 0.41509433962264153 0.7066246056782335 0.4025157232704403 0.7097791798107256 0.4025157232704403 0.7192429022082019 0.389937106918239 0.7160883280757098 0.3836477987421384 0.7160883280757098 0.3710691823899371 0.7129337539432177 0.36477987421383645 0.7129337539432177 0.3584905660377358 0.7066246056782335 0.34591194968553457 0.7066246056782335 0.3333333333333333 0.7129337539432177 0.31446540880503143 0.7097791798107256 0.3081761006289308 0.7034700315457413 0.3081761006289308 0.7003154574132492 0.31446540880503143 0.7003154574132492 0.32075471698113206 0.6908517350157729 0.32075471698113206 0.6813880126182965 0.3081761006289308 0.6719242902208202 0.3081761006289308 0.6719242902208202 0.2830188679245283 0.6750788643533123 0.27672955974842767 0.6750788643533123 0.25157232704402516 0.6719242902208202 0.24528301886792453 0.6719242902208202 0.2389937106918239 0.6656151419558359 0.22641509433962265 0.6656151419558359 0.1949685534591195 0.668769716088328 0.18867924528301888 0.668769716088328 0.1761006289308176 0.6656151419558359 0.16981132075471697 0.6750788643533123 0.1509433962264151 0.6845425867507886 0.1509433962264151 0.6876971608832808 0.15723270440251572 0.6908517350157729 0.15723270440251572 0.6971608832807571 0.14465408805031446 0.7066246056782335 0.13836477987421383 0.7129337539432177 0.12578616352201258 0.7129337539432177 0.11320754716981132 0.7160883280757098 0.1069182389937107 0.7160883280757098 0.08176100628930817 0.7192429022082019 0.07547169811320754 0.7192429022082019 0.06918238993710692 0.722397476340694 0.06289308176100629 0.7255520504731862 0.06289308176100629
1 0.2555205047318612 0.1509433962264151 0.03785488958990536 0.07547169811320754
1 0.7287066246056783 0.06289308176100629 0.7318611987381703 0.06918238993710692 0.750788643533123 0.06918238993710692 0.7539432176656151 0.07547169811320754 0.7539432176656151 0.09433962264150944 0.7570977917981072 0.10062893081761007 0.7697160883280757 0.10062893081761007 0.7728706624605678 0.1069182389937107 0.7823343848580442 0.11320754716981132 0.7886435331230284 0.12578616352201258 0.7917981072555205 0.12578616352201258 0.8012618296529969 0.14465408805031446 0.8012618296529969 0.16352201257861634 0.8107255520504731 0.18238993710691823 0.8138801261829653 0.18238993710691823 0.8138801261829653 0.1949685534591195 0.8107255520504731 0.20125786163522014 0.807570977917981 0.22012578616352202 0.8012618296529969 0.2389937106918239 0.8012618296529969 0.25157232704402516 0.7949526813880127 0.25157232704402516 0.7917981072555205 0.24528301886792453 0.7886435331230284 0.24528301886792453 0.7697160883280757 0.20754716981132076 0.7665615141955836 0.20754716981132076 0.7602523659305994 0.1949685534591195 0.7570977917981072 0.1949685534591195 0.7444794952681388 0.16981132075471697 0.7413249211356467 0.16981132075471697 0.7381703470031545 0.16352201257861634 0.7192429022082019 0.16352201257861634 0.7129337539432177 0.1509433962264151 0.7129337539432177 0.13836477987421383 0.7160883280757098 0.1320754716981132 0.7160883280757098 0.08176100628930817 0.7192429022082019 0.07547169811320754 0.7192429022082019 0.06918238993710692 0.722397476340694 0.06289308176100629 0.7255520504731862 0.06289308176100629
1 0.34069400630914826 0.559748427672956 0.3438485804416404 0.5660377358490566 0.35331230283911674 0.5723270440251572 0.35962145110410093 0.5849056603773585 0.36908517350157727 0.5849056603773585 0.3722397476340694 0.5911949685534591 0.3785488958990536 0.5911949685534591 0.38170347003154576 0.5974842767295597 0.3911671924290221 0.6037735849056604 0.3911671924290221 0.610062893081761 0.3943217665615142 0.6163522012578616 0.3943217665615142 0.6289308176100629 0.39747634069400634 0.6352201257861635 0.39747634069400634 0.6477987421383647 0.40063091482649843 0.6540880503144654 0.40063091482649843 0.6792452830188679 0.39747634069400634 0.6855345911949685 0.39747634069400634 0.6918238993710691 0.38801261829652994 0.710691823899371 0.38485804416403785 0.710691823899371 0.3722397476340694 0.7358490566037735 0.3627760252365931 0.7358490566037735 0.35962145110410093 0.7295597484276729 0.35646687697160884 0.7295597484276729 0.3501577287066246 0.7169811320754716 0.3470031545741325 0.7169811320754716 0.34069400630914826 0.7295597484276729 0.34069400630914826 0.7358490566037735 0.33753943217665616 0.7421383647798742 0.33753943217665616 0.7861635220125787 0.334384858044164 0.7924528301886793 0.334384858044164 0.8050314465408805 0.3280757097791798 0.8176100628930818 0.3280757097791798 0.8238993710691824 0.3249211356466877 0.8301886792452831 0.3186119873817035 0.8301886792452831 0.2996845425867508 0.8679245283018868 0.28391167192429023 0.8679245283018868 0.2807570977917981 0.8616352201257862 0.27129337539432175 0.8616352201257862 0.26813880126182965 0.8553459119496856 0.2618296529968454 0.8553459119496856 0.2586750788643533 0.8490566037735849 0.2586750788643533 0.8301886792452831 0.26813880126182965 0.8176100628930818 0.26813880126182965 0.8113207547169812 0.27129337539432175 0.8050314465408805 0.27129337539432175 0.7861635220125787 0.2744479495268139 0.779874213836478 0.2744479495268139 0.7735849056603774 0.26498422712933756 0.7547169811320755 0.2586750788643533 0.7547169811320755 0.2555205047318612 0.7484276729559748 0.24921135646687698 0.7484276729559748 0.24605678233438485 0.7421383647798742 0.24290220820189273 0.7421383647798742 0.24290220820189273 0.7358490566037735 0.23974763406940064 0.7295597484276729 0.23974763406940064 0.710691823899371 0.24290220820189273 0.7044025157232704 0.24290220820189273 0.6792452830188679 0.23974763406940064 0.6729559748427673 0.23974763406940064 0.660377358490566 0.24605678233438485 0.6477987421383647 0.24605678233438485 0.6415094339622641 0.24921135646687698 0.6352201257861635 0.24921135646687698 0.6226415094339622 0.2555205047318612 0.610062893081761 0.2586750788643533 0.610062893081761 0.2618296529968454 0.6037735849056604 0.2744479495268139 0.6037735849056604 0.28391167192429023 0.5723270440251572 0.2996845425867508 0.5723270440251572 0.31545741324921134 0.5911949685534591 0.3312302839116719 0.5911949685534591 0.33753943217665616 0.5786163522012578 0.33753943217665616 0.5660377358490566
1 0.5993690851735016 0.27672955974842767 0.6088328075709779 0.2893081761006289 0.6151419558359621 0.2893081761006289 0.6151419558359621 0.3522012578616352 0.6025236593059937 0.37735849056603776 0.5962145110410094 0.37735849056603776 0.5930599369085173 0.3836477987421384 0.5867507886435331 0.3836477987421384 0.580441640378549 0.3710691823899371 0.5772870662460567 0.3522012578616352 0.5646687697160884 0.3270440251572327 0.5646687697160884 0.32075471698113206 0.5678233438485805 0.31446540880503143 0.5772870662460567 0.3081761006289308 0.5867507886435331 0.2893081761006289 0.5867507886435331 0.2830188679245283 0.5962145110410094 0.27672955974842767
1 0.7350157728706624 0.3081761006289308 0.7413249211356467 0.32075471698113206 0.7413249211356467 0.3333333333333333 0.7444794952681388 0.33962264150943394 0.7413249211356467 0.34591194968553457 0.7413249211356467 0.3836477987421384 0.7444794952681388 0.389937106918239 0.7444794952681388 0.39622641509433965 0.750788643533123 0.4088050314465409 0.7539432176656151 0.4088050314465409 0.7570977917981072 0.41509433962264153 0.7634069400630915 0.41509433962264153 0.7665615141955836 0.42138364779874216 0.7665615141955836 0.4276729559748428 0.7634069400630915 0.4339622641509434 0.7634069400630915 0.4591194968553459 0.7602523659305994 0.46540880503144655 0.7570977917981072 0.48427672955974843 0.750788643533123 0.4968553459119497 0.7476340694006309 0.4968553459119497 0.7381703470031545 0.5157232704402516 0.7192429022082019 0.5157232704402516 0.7034700315457413 0.48427672955974843 0.7034700315457413 0.4779874213836478 0.694006309148265 0.44654088050314467 0.694006309148265 0.42138364779874216 0.6971608832807571 0.42138364779874216 0.7066246056782335 0.4025157232704403 0.7097791798107256 0.4025157232704403 0.7192429022082019 0.389937106918239 0.7192429022082019 0.3836477987421384 0.7160883280757098 0.37735849056603776 0.7129337539432177 0.3584905660377358 0.7066246056782335 0.34591194968553457 0.7097791798107256 0.3270440251572327 0.7160883280757098 0.31446540880503143 0.7192429022082019 0.31446540880503143 0.722397476340694 0.3081761006289308 0.7318611987381703 0.3081761006289308
1 0.9274447949526814 0.08176100628930817 0.9274447949526814 0.13836477987421383 0.9242902208201893 0.14465408805031446 0.9242902208201893 0.15723270440251572 0.9274447949526814 0.16352201257861634 0.9274447949526814 0.16981132075471697 0.9211356466876972 0.18238993710691823 0.917981072555205 0.18238993710691823 0.9148264984227129 0.18867924528301888 0.9085173501577287 0.18867924528301888 0.9053627760252366 0.1949685534591195 0.8990536277602523 0.18238993710691823 0.8990536277602523 0.15723270440251572 0.9022082018927445 0.1509433962264151 0.9022082018927445 0.11320754716981132 0.9053627760252366 0.1069182389937107 0.9053627760252366 0.09433962264150944 0.9085173501577287 0.0880503144654088 0.9085173501577287 0.08176100628930817 0.9116719242902208 0.07547169811320754 0.9211356466876972 0.07547169811320754 0.9242902208201893 0.08176100628930817
1 0.9242902208201893 0.07547169811320754 0.9274447949526814 0.08176100628930817 0.9274447949526814 0.15723270440251572 0.9305993690851735 0.16352201257861634 0.9337539432176656 0.16352201257861634 0.9369085173501577 0.16981132075471697 0.9369085173501577 0.1761006289308176 0.9337539432176656 0.18238993710691823 0.9305993690851735 0.18238993710691823 0.9242902208201893 0.1949685534591195 0.9242902208201893 0.23270440251572327 0.9274447949526814 0.2389937106918239 0.9274447949526814 0.25157232704402516 0.9305993690851735 0.2578616352201258 0.9305993690851735 0.2893081761006289 0.9211356466876972 0.3081761006289308 0.917981072555205 0.3081761006289308 0.9148264984227129 0.31446540880503143 0.9053627760252366 0.31446540880503143 0.9022082018927445 0.3081761006289308 0.8990536277602523 0.2893081761006289 0.8927444794952681 0.27672955974842767 0.8927444794952681 0.2641509433962264 0.889589905362776 0.2578616352201258 0.889589905362776 0.2389937106918239 0.8958990536277602 0.22641509433962265 0.8958990536277602 0.22012578616352202 0.8990536277602523 0.2138364779874214 0.8990536277602523 0.1509433962264151 0.9022082018927445 0.14465408805031446 0.9022082018927445 0.11320754716981132 0.9053627760252366 0.1069182389937107 0.9053627760252366 0.09433962264150944 0.9116719242902208 0.07547169811320754 0.9211356466876972 0.07547169811320754