2 0.727889 0.510777 0.526386 0.960374
0 0.195341 0.302676 0.0960838 0.114044
0 0.134111 0.541573 0.0691655 0.13467
0 0.180484 0.781546 0.0315786 0.0736673
2 0.460544 0.497332 0.223506 0.994665
0 0.127655 0.886712 0.0151664 0.0283663
2 0.651252 0.341443 0.0411758 0.176527
0 0.337449 0.26804 0.0160371 0.0336536
0 0.306208 0.53417 0.0197403 0.031621
2 0.735056 0.498668 0.526305 0.981552
0 0.11376 0.443749 0.0765778 0.153204
0 0.213474 0.852272 0.182853 0.284343
0 0.0498698 0.846692 0.0229861 0.0334014
0 0.161784 0.107485 0.0338682 0.0796147
2 0.477721 0.493095 0.210553 0.98379
0 0.356327 0.239089 0.0154256 0.0218694
0 0.176627 0.151964 0.0937578 0.167822
