0 0.4043028846153846 0.203125 0.08680288461538462 0.06841346153846153
0 0.3706009615384615 0.6000961538461538 0.08911057692307692 0.05942307692307692
0 0.842764423076923 0.5302644230769231 0.27490384615384617 0.24975961538461539
0 0.4182211538461538 0.5185576923076923 0.2274278846153846 0.22608173076923077
0 0.3063942307692308 0.19908653846153845 0.03644230769230769 0.03721153846153846
0 0.9531971153846153 0.3205528846153846 0.09362980769230769 0.18591346153846156
0 0.4221153846153846 0.34473557692307694 0.09387019230769231 0.10175480769230769
0 0.12072115384615384 0.3542548076923077 0.20055288461538462 0.18420673076923075
0 0.3415625 0.4611778846153846 0.12939903846153847 0.11314903846153847
0 0.44629807692307694 0.1375721153846154 0.018509615384615385 0.015072115384615383
0 0.23278846153846156 0.30567307692307694 0.1329326923076923 0.12189903846153846
0 0.3418028846153846 0.6176682692307692 0.0315625 0.02266826923076923
0 0.938485576923077 0.30762019230769233 0.020793269230769233 0.017572115384615384
0 0.5473557692307692 0.06694711538461538 0.14197115384615386 0.10723557692307692