0 0.5068269230769231 0.09466346153846154 0.06963942307692307 0.17028846153846156
0 0.811514423076923 0.655264423076923 0.06009615384615385 0.4331009615384615
0 0.8657211538461538 0.6845673076923077 0.23682692307692307 0.4235817307692308
0 0.24242788461538461 0.5346634615384616 0.09858173076923077 0.3230048076923077
0 0.47802884615384617 0.8061538461538462 0.1561298076923077 0.3855048076923077
0 0.3462019230769231 0.5898557692307692 0.2927163461538461 0.4421394230769231
0 0.5947355769230769 0.4081971153846154 0.05966346153846154 0.09502403846153847
0 0.13990384615384616 0.8808653846153847 0.10838942307692309 0.22204326923076925
0 0.7260817307692308 0.12115384615384615 0.1661298076923077 0.2166826923076923
0 0.647451923076923 0.8701201923076923 0.05358173076923077 0.2531730769230769
0 0.11084134615384615 0.9204086538461538 0.04802884615384616 0.1396394230769231
0 0.9238221153846153 0.2139903846153846 0.1396394230769231 0.4045432692307692