0 0.18920673076923075 0.8217788461538462 0.07007211538461539 0.06733173076923077
0 0.891610576923077 0.7875961538461538 0.17723557692307693 0.21240384615384617
0 0.3171394230769231 0.6836057692307692 0.0488701923076923 0.03204326923076923
0 0.18298076923076925 0.5229567307692308 0.08019230769230769 0.06151442307692308
0 0.34423076923076923 0.5249038461538462 0.06841346153846153 0.0810576923076923
0 0.07610576923076923 0.922860576923077 0.14466346153846155 0.14319711538461538
0 0.33692307692307694 0.936514423076923 0.12891826923076924 0.10930288461538461
0 0.3151923076923077 0.8989182692307692 0.035 0.03144230769230769
0 0.4045432692307692 0.05521634615384615 0.17750000000000002 0.10877403846153846
0 0.11579326923076924 0.2178846153846154 0.2110576923076923 0.0966826923076923
0 0.09447115384615384 0.8652403846153847 0.020961538461538462 0.01658653846153846
0 0.17211538461538461 0.8154326923076923 0.026658653846153846 0.04502403846153846
0 0.5766586538461538 0.8095673076923077 0.24865384615384614 0.2130048076923077
0 0.5244230769230769 0.2546394230769231 0.15942307692307692 0.056033653846153844
0 0.1806730769230769 0.6215865384615384 0.027427884615384614 0.038125
0 0.30591346153846155 0.8832932692307692 0.03733173076923077 0.02997596153846154
0 0.8315384615384616 0.731923076923077 0.2988221153846154 0.04408653846153846
0 0.5488221153846153 0.4963461538461538 0.18237980769230772 0.3222596153846154