0 0.4140625 0.9135817307692308 0.11144230769230769 0.16430288461538461
0 0.4043028846153846 0.5991105769230769 0.02298076923076923 0.07555288461538462
0 0.4231009615384615 0.8754807692307692 0.04408653846153846 0.05646634615384615
0 0.4340865384615385 0.7573317307692308 0.03670673076923077 0.07502403846153846
0 0.3942788461538462 0.911610576923077 0.02550480769230769 0.07665865384615385
0 0.3483894230769231 0.30956730769230767 0.02216346153846154 0.055721153846153844
0 0.265625 0.3884375 0.03711538461538461 0.09771634615384615
0 0.31396634615384617 0.6987259615384616 0.08538461538461539 0.28026442307692306
0 0.624014423076923 0.8154326923076923 0.015721153846153847 0.03483173076923077
0 0.4201682692307692 0.3066346153846154 0.034687499999999996 0.1089423076923077
0 0.3274038461538461 0.43651442307692306 0.031081730769230768 0.0966826923076923
0 0.2932211538461539 0.08850961538461538 0.09949519230769231 0.1669951923076923
0 0.3019951923076923 0.6171875 0.04838942307692307 0.11920673076923077
0 0.5297836538461538 0.39355769230769233 0.15661057692307695 0.31298076923076923
0 0.697764423076923 0.9570432692307692 0.028100961538461536 0.045432692307692306
0 0.8798798076923077 0.0225 0.17920673076923077 0.04163461538461539
0 0.3166586538461538 0.49266826923076923 0.02408653846153846 0.034687499999999996
0 0.6123076923076923 0.750985576923077 0.017860576923076923 0.03600961538461538
0 0.25879807692307694 0.23314903846153845 0.023365384615384618 0.06805288461538461
0 0.7622115384615384 0.8122596153846153 0.4240625 0.37548076923076923
0 0.5898557692307692 0.8452163461538462 0.018365384615384613 0.020889423076923076
0 0.12560096153846154 0.2561057692307692 0.023966346153846154 0.06548076923076923
0 0.8872115384615384 0.09704326923076922 0.21497596153846155 0.1898076923076923
0 0.3078605769230769 0.3532692307692308 0.01829326923076923 0.039134615384615386
0 0.4152884615384615 0.24170673076923077 0.016466346153846154 0.04709134615384615
0 0.40331730769230767 0.036778846153846155 0.034951923076923075 0.06745192307692308
0 0.36084134615384617 0.42088942307692306 0.04709134615384615 0.09447115384615384
0 0.4199278846153846 0.711923076923077 0.008413461538461538 0.01673076923076923
0 0.19983173076923075 0.03963942307692307 0.0067067307692307695 0.016105769230769233