0 0.8061538461538462 0.4187019230769231 0.22338942307692308 0.12170673076923078
0 0.6870192307692308 0.34276442307692306 0.14391826923076922 0.07043269230769231
0 0.5542067307692308 0.4340865384615385 0.2761298076923077 0.11242788461538462
0 0.1805528846153846 0.5190384615384616 0.3491105769230769 0.3864663461538462
0 0.5297836538461538 0.6831009615384616 0.11658653846153846 0.09026442307692308
0 0.03360576923076923 0.39110576923076923 0.06723557692307693 0.01704326923076923
0 0.915048076923077 0.3203125 0.16564903846153844 0.16564903846153844
0 0.06983173076923077 0.3981971153846154 0.1396394230769231 0.1358653846153846
0 0.07158653846153847 0.6323317307692308 0.11456730769230769 0.022331730769230767
0 0.7895432692307692 0.38427884615384617 0.07891826923076922 0.07055288461538461
0 0.47697355769230765 0.5414975961538462 0.4959519230769231 0.4782379807692308 0.5693317307692308 0.5035432692307692 0.5490889423076923 0.5693317307692308
0 0.08350961538461539 0.8584375000000001 0.15182692307692308 0.2745432692307692