0 0.7548798076923077 0.4712019230769231 0.12853365384615384 0.14466346153846155
0 0.6079086538461538 0.4011298076923077 0.11182692307692309 0.12463942307692308
0 0.3654807692307692 0.3830528846153846 0.1414903846153846 0.15894230769230772
0 0.49120192307692306 0.5878846153846153 0.08478365384615386 0.09057692307692308
0 0.1904326923076923 0.02971153846153846 0.24254807692307695 0.05942307692307692
0 0.5444230769230769 0.14514423076923078 0.09846153846153846 0.10338942307692307
0 0.4846153846153846 0.45995192307692306 0.10822115384615386 0.08209134615384615
0 0.974110576923077 0.3474038461538462 0.04788461538461539 0.1015625
0 0.12408653846153846 0.17651442307692308 0.18504807692307693 0.07879807692307693
0 0.9604567307692308 0.6030288461538462 0.06879807692307692 0.062427884615384614
0 0.8286057692307692 0.5962019230769231 0.04076923076923077 0.03995192307692308
0 0.5673798076923077 0.2335096153846154 0.1650480769230769 0.16346153846153846
0 0.34862980769230767 0.5581009615384616 0.15002403846153844 0.1661298076923077
0 0.31737980769230767 0.31103365384615383 0.03769230769230769 0.03627403846153846
0 0.5820432692307692 0.05663461538461538 0.06420673076923077 0.03927884615384615
0 0.950673076923077 0.2374278846153846 0.012379807692307693 0.013677884615384616
0 0.9267548076923077 0.4719230769230769 0.09485576923076923 0.07586538461538461
0 0.31201923076923077 0.5200240384615384 0.07923076923076923 0.06524038461538462