0 0.7231490384615384 0.21338942307692307 0.05653846153846154 0.23973557692307693
0 0.6601682692307692 0.3977163461538461 0.03423076923076923 0.09846153846153846
0 0.7168028846153847 0.6704086538461538 0.038028846153846156 0.07990384615384616
0 0.5278365384615384 0.03995192307692308 0.09271634615384615 0.07990384615384616
0 0.4868269230769231 0.5019471153846153 0.12891826923076924 0.19286057692307693
0 0.4106490384615385 0.5668990384615384 0.02752403846153846 0.038028846153846156
0 0.8002884615384616 0.5498076923076923 0.016153846153846154 0.04177884615384615
0 0.658701923076923 0.8701201923076923 0.05442307692307692 0.25733173076923077
0 0.7236298076923077 0.7514663461538462 0.014447115384615385 0.07079326923076923
0 0.696298076923077 0.1167548076923077 0.037043269230769234 0.07019230769230769
0 0.5908173076923077 0.7299759615384616 0.015552884615384614 0.021033653846153848
0 0.4133413461538461 0.4882932692307692 0.02423076923076923 0.03670673076923077