0 0.21935096153846154 0.5009855769230769 0.04322115384615385 0.10033653846153846
0 0.2521875 0.5092788461538462 0.017788461538461538 0.059110576923076925
0 0.3027403846153846 0.5102644230769231 0.12682692307692306 0.3234855769230769
0 0.2941826923076923 0.05877403846153846 0.06129807692307692 0.10247596153846154
0 0.2054326923076923 0.4396875 0.025120192307692305 0.04567307692307692
0 0.23877403846153847 0.647451923076923 0.04237980769230769 0.13341346153846154
0 0.22216346153846153 0.6713942307692308 0.023653846153846154 0.08557692307692308
0 0.3249519230769231 0.08139423076923077 0.13098557692307694 0.16278846153846155
0 0.3325240384615385 0.7934615384615384 0.17163461538461539 0.4020913461538462
0 0.2531730769230769 0.6005769230769231 0.027596153846153847 0.04877403846153846
0 0.24475961538461538 0.854014423076923 0.04076923076923077 0.07805288461538461
0 0.3339903846153846 0.26855769230769233 0.0678125 0.15735576923076922
0 0.5136778846153847 0.7461057692307692 0.057379807692307695 0.11394230769230769
0 0.2578125 0.19067307692307692 0.011201923076923078 0.029423076923076923
0 0.2469471153846154 0.1386778846153846 0.01764423076923077 0.02625
0 0.2617307692307692 0.3591346153846154 0.10016826923076924 0.16346153846153846
0 0.24060096153846156 0.4480048076923077 0.016466346153846154 0.03283653846153846
0 0.20165865384615383 0.49951923076923077 0.010168269230769232 0.04257211538461539
0 0.29588942307692306 0.21240384615384617 0.013846153846153845 0.027067307692307693
0 0.43701923076923077 0.6543028846153847 0.09185096153846153 0.19935096153846155
0 0.2119230769230769 0.5424759615384616 0.012980769230769231 0.023149038461538464
0 0.26269230769230767 0.5874038461538462 0.014663461538461538 0.031009615384615385
0 0.19995192307692308 0.44432692307692306 0.012379807692307693 0.025048076923076923