0 0.5947355769230769 0.34521634615384617 0.016850961538461537 0.2371875
0 0.4785096153846154 0.8066346153846153 0.11144230769230769 0.21045673076923077
0 0.4050240384615385 0.7885817307692308 0.03125 0.23656249999999998
0 0.47608173076923077 0.674326923076923 0.04322115384615385 0.4887740384615385
0 0.4489663461538462 0.2949278846153846 0.03942307692307692 0.5703125
0 0.4294471153846154 0.11064903846153847 0.09319711538461539 0.20689903846153845
0 0.38019230769230766 0.46747596153846155 0.105 0.20875000000000002
0 0.3015144230769231 0.4882932692307692 0.05889423076923077 0.14391826923076922
0 0.4096634615384615 0.6342788461538462 0.04949519230769231 0.11817307692307691
0 0.3312980769230769 0.7324278846153847 0.08557692307692308 0.22608173076923077
0 0.649423076923077 0.7529326923076923 0.10283653846153847 0.1943269230769231
0 0.25098557692307694 0.8754807692307692 0.09125 0.2333894230769231
0 0.3371634615384615 0.624014423076923 0.013533653846153846 0.021754807692307695
0 0.4919471153846154 0.6230528846153847 0.06348557692307692 0.12891826923076924
0 0.2502403846153846 0.14478365384615383 0.13733173076923078 0.2858894230769231
0 0.27221153846153845 0.7543990384615384 0.021826923076923077 0.03918269230769231
0 0.2888221153846154 0.6440384615384616 0.03389423076923077 0.06598557692307692
0 0.16137019230769228 0.1407451923076923 0.014831730769230769 0.05211538461538461
0 0.4269951923076923 0.7636778846153847 0.02783653846153846 0.06963942307692307
0 0.5253846153846153 0.3513221153846154 0.023509615384615382 0.062427884615384614
0 0.25293269230769233 0.45605769230769233 0.07209134615384614 0.10485576923076922
0 0.3991586538461539 0.3086057692307692 0.06548076923076923 0.08740384615384615
0 0.2873557692307692 0.6889663461538462 0.03533653846153846 0.044182692307692305
0 0.4504326923076923 0.042283653846153846 0.08153846153846155 0.08456730769230769
0 0.5991105769230769 0.4152884615384615 0.046899038461538464 0.19007211538461538
0 0.5830048076923077 0.1737019230769231 0.0805048076923077 0.17076923076923078
0 0.2130048076923077 0.29442307692307695 0.006947115384615385 0.01