0 0.17649038461538463 0.6901682692307692 0.20875000000000002 0.29730769230769233
0 0.062307692307692314 0.6171875 0.11901442307692307 0.12891826923076924
0 0.43067307692307694 0.7973557692307692 0.19995192307692308 0.1650480769230769
0 0.3176201923076923 0.5097596153846153 0.2790625 0.3352163461538461
0 0.724110576923077 0.5493269230769231 0.15564903846153846 0.16187500000000002
0 0.8173798076923077 0.5136778846153847 0.31932692307692306 0.28834134615384616
0 0.9394471153846153 0.12036057692307692 0.11064903846153847 0.16454326923076923
0 0.30223557692307695 0.3977163461538461 0.09807692307692308 0.10838942307692309
0 0.8139663461538462 0.42870192307692306 0.080625 0.1378125
0 0.021826923076923077 0.6201201923076923 0.04076923076923077 0.08850961538461538
0 0.13050480769230768 0.5966826923076923 0.07891826923076922 0.04257211538461539
0 0.26807692307692305 0.5776442307692308 0.10930288461538461 0.04153846153846154
0 0.10877403846153846 0.19641826923076922 0.21338942307692307 0.3762259615384615
0 0.06512019230769231 0.08800480769230769 0.1171875 0.15771634615384617
0 0.08228365384615384 0.5639663461538462 0.07764423076923076 0.04733173076923077