0 0.23088942307692306 0.32009615384615386 0.07971153846153846 0.1265144230769231
0 0.22014423076923076 0.5092307692307693 0.07084134615384616 0.13283653846153845
0 0.3078605769230769 0.49706730769230767 0.09949519230769231 0.2362019230769231
0 0.20629807692307692 0.5576201923076923 0.025096153846153844 0.04209134615384616
0 0.29615384615384616 0.3081009615384615 0.065 0.1757932692307692
0 0.21985576923076922 0.3105528846153846 0.026466346153846153 0.10302884615384615
0 0.3415625 0.7168028846153847 0.05144230769230769 0.12084134615384616
0 0.2401201923076923 0.6767548076923077 0.08538461538461539 0.06451923076923077
0 0.2910096153846154 0.9345673076923077 0.05834134615384615 0.09350961538461539
0 0.3215384615384615 0.7863701923076923 0.13634615384615384 0.4272355769230769
0 0.42480769230769233 0.3923317307692308 0.06622596153846154 0.1650480769230769
0 0.28052884615384616 0.5527403846153847 0.02329326923076923 0.08165865384615384
0 0.2526923076923077 0.4819230769230769 0.015240384615384616 0.03942307692307692
0 0.22973557692307692 0.0800721153846154 0.05877403846153846 0.14098557692307692
0 0.2127644230769231 0.4597115384615385 0.013677884615384616 0.025673076923076923
0 0.3320432692307692 0.4592307692307692 0.034687499999999996 0.08538461538461539
0 0.5122115384615384 0.23790865384615384 0.04752403846153846 0.0878846153846154
0 0.19995192307692308 0.5532211538461538 0.0115625 0.023028846153846153
0 0.2012980769230769 0.48730769230769233 0.008197115384615384 0.03125