0 0.2546394230769231 0.18579326923076925 0.04209134615384616 0.08586538461538461
0 0.3015144230769231 0.3161538461538462 0.055504807692307694 0.10375
0 0.2990625 0.09740384615384616 0.08228365384615384 0.18384615384615385
0 0.8627884615384616 0.07610576923076923 0.2469471153846154 0.14466346153846155
0 0.4628846153846154 0.5424759615384616 0.06586538461538462 0.10266826923076923
0 0.3230048076923077 0.24670673076923075 0.033774038461538466 0.061105769230769234
0 0.45264423076923077 0.22399038461538462 0.026153846153846156 0.048677884615384616
0 0.14221153846153844 0.6245192307692308 0.02391826923076923 0.03699519230769231
0 0.4831490384615385 0.4414182692307692 0.014447115384615385 0.03314903846153846
0 0.42334134615384617 0.6079086538461538 0.01627403846153846 0.029086538461538462
0 0.18627403846153845 0.4225961538461539 0.03067307692307692 0.08228365384615384
0 0.12492788461538461 0.5830048076923077 0.017788461538461538 0.03853365384615385
0 0.3776923076923077 0.070625 0.11516826923076923 0.14122596153846154
0 0.17115384615384616 0.5122115384615384 0.0941826923076923 0.27125
0 0.22290865384615385 0.4157692307692308 0.024423076923076922 0.05675480769230769