0 0.8876923076923077 0.18701923076923077 0.2216826923076923 0.36817307692307694
0 0.3283173076923077 0.6142548076923077 0.12526442307692306 0.24670673076923075
0 0.484375 0.8608413461538462 0.1699278846153846 0.2021394230769231
0 0.653798076923077 0.8711057692307692 0.14391826923076922 0.16478365384615384
0 0.30762019230769233 0.29759615384615384 0.08557692307692308 0.18627403846153845
0 0.41625 0.39110576923076923 0.07475961538461538 0.10992788461538461
0 0.4665625 0.645985576923077 0.10877403846153846 0.16346153846153846
0 0.1671153846153846 0.750985576923077 0.1571153846153846 0.11798076923076922
0 0.5966826923076923 0.1971394230769231 0.056249999999999994 0.10778846153846154
0 0.5498076923076923 0.3073798076923077 0.0800721153846154 0.17750000000000002
0 0.6792067307692308 0.3418028846153846 0.16161057692307693 0.4030769230769231
0 0.5952163461538462 0.6245192307692308 0.05194711538461538 0.11778846153846154
0 0.06548076923076923 0.919423076923077 0.06197115384615385 0.07848557692307692