0 0.12980769230769232 0.7199519230769231 0.0625 0.1658653846153846
0 0.2403846153846154 0.3786057692307692 0.13942307692307693 0.15625
0 0.20673076923076922 0.24519230769230768 0.057692307692307696 0.11538461538461539
0 0.18389423076923078 0.4411057692307692 0.040865384615384616 0.06009615384615385
0 0.09014423076923077 0.9350961538461539 0.055288461538461536 0.11538461538461539
0 0.140625 0.7079326923076923 0.036057692307692304 0.04567307692307692
0 0.11538461538461539 0.8125 0.10576923076923077 0.3557692307692308
0 0.2283653846153846 0.8197115384615384 0.13942307692307693 0.3557692307692308
0 0.33413461538461536 0.6538461538461539 0.3317307692307692 0.7043269230769231 0.36538461538461536 0.7067307692307693 0.3701923076923077 0.6682692307692307 0.35336538461538464 0.6514423076923077
0 0.20673076923076922 0.3629807692307692 0.20432692307692307 0.44711538461538464 0.22355769230769232 0.4495192307692308 0.24519230769230768 0.4206730769230769 0.2644230769230769 0.43509615384615385 0.28125 0.42788461538461536 0.2692307692307692 0.3269230769230769 0.22355769230769232 0.3245192307692308
0 0.49278846153846156 0.23798076923076922 0.49759615384615385 0.2620192307692308 0.5144230769230769 0.2403846153846154
0 0.44711538461538464 0.24519230769230768 0.45913461538461536 0.3557692307692308 0.45913461538461536 0.3918269230769231 0.4495192307692308 0.4110576923076923 0.4639423076923077 0.4519230769230769 0.5 0.49038461538461536 0.5024038461538461 0.4735576923076923 0.47836538461538464 0.4206730769230769 0.49759615384615385 0.39663461538461536 0.5168269230769231 0.3894230769230769 0.5072115384615384 0.3485576923076923 0.5192307692307693 0.30528846153846156 0.5048076923076923 0.2644230769230769 0.4879807692307692 0.24519230769230768 0.4951923076923077 0.18990384615384615 0.4879807692307692 0.2091346153846154 0.46634615384615385 0.21153846153846154 0.4639423076923077 0.23557692307692307
0 0.43028846153846156 0.6514423076923077 0.42788461538461536 0.6706730769230769 0.44471153846153844 0.6826923076923077 0.4519230769230769 0.6538461538461539 0.4423076923076923 0.6394230769230769