0 0.182375 0.15646296296296294 0.08978124999999999 0.16048148148148147
0 0.11877604166666668 0.4398888888888889 0.07891666666666668 0.1446388888888889
2 0.64453125 0.5078148148148148 0.5170885416666666 0.9843796296296298
0 0.3620625 0.45573148148148146 0.042020833333333334 0.09033333333333333
0 0.065859375 0.06152777777777778 0.019421874999999998 0.06760185185185186
0 0.18933333333333333 0.7825555555555556 0.03594791666666666 0.06722222222222221
0 0.167359375 0.111 0.03881770833333333 0.07883333333333334
0 0.22424479166666667 0.8272592592592594 0.14563020833333334 0.2562962962962963
0 0.2963854166666666 0.5872407407407407 0.020291666666666666 0.03648148148148148
0 0.3537604166666667 0.2714814814814815 0.028546875000000003 0.07075
0 0.0559375 0.8424444444444444 0.023421874999999998 0.034722222222222224
0 0.11144791666666666 0.5403611111111112 0.045015625000000004 0.10052777777777777
0 0.14965625 0.8702222222222222 0.015302083333333332 0.02762962962962963
0 0.27075 0.7886296296296297 0.012291666666666668 0.021425925925925928
0 0.281984375 0.16916666666666666 0.028276041666666665 0.02949074074074074
0 0.07531770833333334 0.17404629629629628 0.010697916666666666 0.01887037037037037
0 0.13757291666666666 0.9513888888888888 0.021989583333333333 0.059842592592592586
0 0.17065625 0.7252592592592593 0.011916666666666666 0.016342592592592593
0 0.071046875 0.9835092592592594 0.024187499999999997 0.03113888888888889
0 0.3552239583333333 0.2517407407407407 0.014114583333333335 0.02984259259259259
0 0.254640625 0.6349814814814815 0.008916666666666666 0.018296296296296297
0 0.2161875 0.7400185185185185 0.010901041666666667 0.030898148148148147
0 0.3461927083333334 0.2949259259259259 0.008614583333333333 0.01738888888888889