0 0.194703125 0.2992592592592592 0.096375 0.10585185185185185
0 0.13134895833333332 0.5451388888888888 0.071046875 0.12987962962962965
2 0.669921875 0.5023888888888889 0.5981458333333334 0.9952222222222221
0 0.3513177083333333 0.4956574074074074 0.03469791666666667 0.07286111111111111
0 0.17883333333333334 0.7829907407407407 0.03338541666666666 0.07682407407407407
0 0.19177083333333333 0.8702222222222222 0.18738020833333333 0.2441388888888889
0 0.3344739583333334 0.27299999999999996 0.019640625000000002 0.05162037037037037
2 0.6303697916666666 0.31337037037037035 0.0678125 0.17687037037037037
0 0.3024895833333333 0.5377592592592593 0.015838541666666667 0.03477777777777778
0 0.07080208333333333 0.19368518518518518 0.012822916666666666 0.03431481481481482
0 0.2700208333333334 0.6645 0.010057291666666666 0.02200925925925926
0 0.12805208333333334 0.8845462962962962 0.014114583333333335 0.02022222222222222
0 0.20556770833333332 0.25 0.011552083333333333 0.016101851851851853
0 0.07848958333333332 0.24457407407407405 0.009015625 0.021268518518518516
0 0.328859375 0.295787037037037 0.009088541666666667 0.017592592592592594
2 0.5678697916666666 0.49804629629629626 0.090390625 0.9960925925925925
0 0.3361822916666667 0.26172222222222224 0.011161458333333334 0.020694444444444446
0 0.15613020833333333 0.9809074074074076 0.01009375 0.02360185185185185