2 0.7236354166666668 0.493925925925926 0.5209947916666666 0.9817685185185184
0 0.19580208333333332 0.30035185185185187 0.09771875000000001 0.10313888888888889
0 0.13256770833333334 0.5451388888888888 0.07006770833333334 0.12868518518518518
0 0.20153645833333333 0.787324074074074 0.0703125 0.09439814814814815
0 0.3518072916666667 0.49522222222222223 0.036619791666666665 0.07031481481481482
0 0.0834375 0.22211111111111112 0.03671354166666666 0.08398148148148149
2 0.6499010416666666 0.3389722222222222 0.054901041666666664 0.17372222222222222
0 0.305421875 0.536888888888889 0.02002083333333333 0.03607407407407408
2 0.46875 0.5013055555555556 0.23401041666666667 0.993925925925926
0 0.17370833333333333 0.8611111111111112 0.23230208333333333 0.2684444444444445
0 0.07043229166666666 0.19400925925925927 0.011869791666666666 0.032962962962962965
0 0.12780729166666666 0.8858518518518519 0.014786458333333334 0.02175925925925926
0 0.2692864583333333 0.6657962962962962 0.01040625 0.018935185185185183
0 0.20605729166666667 0.24978703703703703 0.012010416666666666 0.015240740740740742
0 0.3361822916666667 0.26128703703703704 0.010854166666666666 0.02226851851851852
2 0.7719739583333334 0.3613240740740741 0.30176041666666664 0.2615
2 0.640625 0.4379351851851852 0.10394270833333333 0.3222685185185185
0 0.15625 0.9791666666666666 0.012239583333333333 0.023055555555555555
0 0.077515625 0.2456574074074074 0.010130208333333333 0.023333333333333334
0 0.23742708333333334 0.6219629629629629 0.009817708333333335 0.016990740740740744