0 0.1955572916666667 0.30012962962962964 0.09466666666666666 0.10525
2 0.6875 0.4986944444444445 0.572265625 0.9956574074074074
0 0.13379166666666667 0.5460092592592594 0.07055729166666666 0.13194444444444445
0 0.3518072916666667 0.4956574074074074 0.0378125 0.07221296296296296
0 0.18054166666666666 0.7808148148148147 0.031203124999999998 0.07373148148148148
0 0.335203125 0.27517592592592593 0.017442708333333334 0.053925925925925926
0 0.214234375 0.8619814814814816 0.02236979166666667 0.026694444444444444
0 0.3049322916666667 0.5364629629629629 0.018052083333333333 0.03431481481481482
2 0.634765625 0.3409259259259259 0.07159375 0.17187962962962963
0 0.07043229166666666 0.19499074074074074 0.012624999999999999 0.033796296296296297
0 0.2521979166666667 0.875 0.014505208333333333 0.026694444444444444
0 0.2846666666666666 0.8993055555555556 0.015671875 0.02013888888888889
0 0.26953125 0.6653611111111112 0.010453125 0.01864814814814815
0 0.12731770833333333 0.886287037037037 0.014114583333333335 0.022527777777777775
0 0.08239583333333332 0.21799074074074073 0.041078125 0.08669444444444444
0 0.25488541666666664 0.987851851851852 0.015192708333333334 0.02424074074074074
0 0.20654166666666668 0.2495648148148148 0.012427083333333333 0.015425925925925926
0 0.23718229166666666 0.6245648148148147 0.010697916666666666 0.021675925925925925
0 0.15636979166666667 0.9791666666666666 0.012052083333333333 0.024333333333333335
2 0.775390625 0.36588888888888893 0.3146979166666667 0.27343518518518517
2 0.5590833333333334 0.49804629629629626 0.09234375 0.9960925925925925