0 0.195921875 0.2892777777777778 0.097046875 0.10980555555555556
0 0.1328125 0.5303796296296296 0.07122916666666666 0.13194444444444445
2 0.7300364583333334 0.5047777777777778 0.5307604166666666 0.9904537037037038
0 0.339109375 0.4839444444444444 0.06878645833333333 0.08653703703703704
0 0.20068229166666668 0.78125 0.07195833333333333 0.09885185185185186
0 0.18005208333333333 0.7643240740740741 0.031796874999999995 0.07221296296296296
0 0.341796875 0.25260185185185186 0.02021875 0.05555555555555555
0 0.06854166666666667 0.18478703703703703 0.01684375 0.039935185185185185
0 0.17736979166666667 0.8567685185185184 0.234375 0.27561111111111114
0 0.310546875 0.5125833333333334 0.019453125 0.03518518518518519
0 0.2775885416666667 0.6336851851851851 0.011963541666666666 0.02262037037037037
0 0.07891666666666668 0.2397962962962963 0.01078125 0.0227037037037037
0 0.12658854166666667 0.8671851851851852 0.012671874999999999 0.022796296296296297
2 0.53515625 0.4982685185185185 0.14684895833333333 0.9965277777777778
2 0.8324635416666666 0.21604629629629632 0.09201562499999999 0.2037037037037037
2 0.6630885416666668 0.7078981481481481 0.036286458333333334 0.15537962962962965
2 0.755640625 0.8425925925925926 0.06336979166666666 0.22839814814814813