2 0.69921875 0.4947962962962963 0.5395520833333334 0.988712962962963
0 0.1955572916666667 0.28385185185185186 0.094484375 0.10313888888888889
0 0.13269270833333333 0.5303796296296296 0.069640625 0.1350925925925926
0 0.33715625 0.4822037037037037 0.071046875 0.09266666666666666
0 0.180296875 0.7630185185185184 0.031203124999999998 0.07536111111111111
0 0.06915104166666668 0.18348148148148147 0.015958333333333335 0.03887037037037037
0 0.18066666666666667 0.8541666666666666 0.228515625 0.2784259259259259
0 0.311765625 0.5091111111111112 0.02284375 0.03526851851851852
0 0.338625 0.2528240740740741 0.021942708333333335 0.05496296296296296
2 0.8251979166666668 0.309462962962963 0.0533125 0.1557037037037037
0 0.21447916666666667 0.8276944444444444 0.021989583333333333 0.027425925925925927
2 0.6640625 0.7265648148148148 0.03753645833333333 0.15625
0 0.2775885416666667 0.6284722222222222 0.012239583333333333 0.02175925925925926
0 0.343015625 0.23675925925925925 0.013166666666666667 0.02578703703703704
0 0.12597916666666667 0.8654537037037038 0.013791666666666667 0.022527777777777775
0 0.078796875 0.23654629629629628 0.00978125 0.022527777777777775
2 0.45971875 0.4963148148148148 0.21472395833333333 0.9926203703703703
0 0.24206770833333333 0.599824074074074 0.009932291666666667 0.018083333333333333